    5 4.759(-0.241)
    5 4.569(-0.431)
    5 4.776(-0.224)
    5 4.759(-0.241)
    5 4.182(-0.818)
    5 4.704(-0.296)
    4 4.140(0.140)
    1 1.140(0.140)
    1 1.140(0.140)
    1 1.140(0.140)
    1 1.304(0.304)
    5 4.561(-0.439)
    5 4.525(-0.475)
    4 3.969(-0.031)
    5 5.000(0.000)
    5 4.080(-0.920)
    5 4.640(-0.360)
    5 4.481(-0.519)
    5 4.990(-0.010)
    5 5.000(0.000)
    5 5.000(0.000)
    5 5.000(0.000)
    5 5.000(0.000)
    5 5.000(0.000)
    5 5.000(0.000)
    5 5.000(0.000)
    5 5.000(0.000)
    5 5.000(0.000)
    5 5.000(0.000)
    5 5.000(0.000)
    5 5.000(0.000)
    5 5.000(0.000)
    5 5.000(0.000)
    5 5.000(0.000)
    5 4.890(-0.110)
    5 5.000(0.000)
    5 4.890(-0.110)
    5 5.000(0.000)
    5 4.953(-0.047)
    5 4.990(-0.010)
    5 4.933(-0.067)
    5 5.000(0.000)
    5 4.308(-0.692)
    3 3.046(0.046)
    1 2.031(1.031)
    5 5.000(0.000)
    3 3.110(0.110)
    3 3.110(0.110)
    3 3.110(0.110)
    3 3.027(0.027)
    3 3.310(0.310)
    3 3.277(0.277)
    3 2.890(-0.110)
    3 3.110(0.110)
    3 3.110(0.110)
    3 3.098(0.098)
    3 2.890(-0.110)
    3 2.985(-0.015)
    4 4.330(0.330)
    1 1.798(0.798)
    1 1.610(0.610)
    5 4.533(-0.467)
    5 4.926(-0.074)
    5 5.000(0.000)
    5 4.171(-0.829)
    5 4.418(-0.582)
    5 4.765(-0.235)
    5 4.953(-0.047)
    5 4.775(-0.225)
    5 5.000(0.000)
    5 5.000(0.000)
    5 5.000(0.000)
    5 5.000(0.000)
    5 5.000(0.000)
    5 5.000(0.000)
    5 5.000(0.000)
    5 5.000(0.000)
    5 4.807(-0.193)
    5 5.000(0.000)
    4 4.140(0.140)
    4 3.987(-0.013)
    4 4.067(0.067)
    4 3.869(-0.131)
    4 4.086(0.086)
    4 4.119(0.119)
    4 3.980(-0.020)
    4 3.886(-0.114)
    4 4.113(0.113)
    4 4.107(0.107)
    5 4.546(-0.454)
    4 3.596(-0.404)
    5 4.023(-0.977)
    5 3.994(-1.006)
    4 3.974(-0.026)
    5 4.331(-0.669)
    5 5.000(0.000)
    5 5.000(0.000)
    5 5.000(0.000)
    5 5.000(0.000)
    5 5.000(0.000)
    5 5.000(0.000)
    5 5.000(0.000)
    5 5.000(0.000)
    5 5.000(0.000)
    5 5.000(0.000)
    3 2.890(-0.110)
    3 3.057(0.057)
    3 3.057(0.057)
    3 2.910(-0.090)
    4 3.997(-0.003)
    4 4.060(0.060)
    4 4.060(0.060)
    4 3.997(-0.003)
    4 4.310(0.310)
    4 4.060(0.060)
    4 3.943(-0.057)
    4 3.953(-0.047)
    4 4.140(0.140)
    5 5.000(0.000)
    5 4.890(-0.110)
    5 4.990(-0.010)
    5 4.461(-0.539)
    5 5.000(0.000)
    5 4.796(-0.204)
    5 4.515(-0.485)
    1 1.475(0.475)
    4 3.890(-0.110)
    5 5.000(0.000)
    5 4.052(-0.948)
    4 4.110(0.110)
    4 4.110(0.110)
    4 3.890(-0.110)
    4 4.104(0.104)
    4 3.990(-0.010)
    4 3.590(-0.410)
    4 4.298(0.298)
    4 3.902(-0.098)
    4 3.985(-0.015)
    4 4.110(0.110)
    4 4.110(0.110)
    4 3.910(-0.090)
    4 3.867(-0.133)
    5 4.518(-0.482)
    4 4.138(0.138)
    3 3.225(0.225)
    4 3.912(-0.088)
    4 4.110(0.110)
    4 4.204(0.204)
    4 4.104(0.104)
    4 4.110(0.110)
    4 3.890(-0.110)
    4 3.964(-0.036)
    4 3.937(-0.063)
    4 3.941(-0.059)
    4 3.924(-0.076)
    4 4.021(0.021)
    4 4.048(0.048)
    4 3.890(-0.110)
    4 3.822(-0.178)
    4 3.890(-0.110)
    4 3.890(-0.110)
    5 5.000(0.000)
    5 4.898(-0.102)
    5 4.776(-0.224)
    5 4.990(-0.010)
    5 4.926(-0.074)
    4 3.865(-0.135)
    4 3.949(-0.051)
    4 4.471(0.471)
    4 4.060(0.060)
    5 4.990(-0.010)
    4 3.799(-0.201)
    5 4.926(-0.074)
    5 4.990(-0.010)
    5 5.000(0.000)
    4 3.943(-0.057)
    4 4.044(0.044)
    5 4.679(-0.321)
    5 4.426(-0.574)
    5 4.473(-0.527)
    5 4.640(-0.360)
    5 4.505(-0.495)
    1 1.260(0.260)
    4 3.817(-0.183)
    2 2.769(0.769)
    3 2.923(-0.077)
    5 4.505(-0.495)
    5 4.604(-0.396)
    4 3.862(-0.138)
    5 5.000(0.000)
    5 5.000(0.000)
    5 5.000(0.000)
    5 5.000(0.000)
    5 5.000(0.000)
    5 5.000(0.000)
    5 5.000(0.000)
    5 4.990(-0.010)
    5 5.000(0.000)
    2 1.890(-0.110)
    4 4.097(0.097)
    5 5.000(0.000)
    5 4.283(-0.717)
    5 4.918(-0.082)
    5 5.000(0.000)
    5 4.679(-0.321)
    5 4.834(-0.166)
    5 5.000(0.000)
    5 4.950(-0.050)
    5 5.000(0.000)
    5 4.792(-0.208)
    5 4.843(-0.157)
    5 4.950(-0.050)
    5 5.000(0.000)
    1 1.140(0.140)
    1 1.360(0.360)
    1 1.140(0.140)
    1 1.140(0.140)
    1 1.360(0.360)
    1 1.140(0.140)
    1 1.140(0.140)
    1 1.140(0.140)
    1 1.140(0.140)
    1 1.110(0.110)
    1 1.140(0.140)
    1 1.140(0.140)
    1 1.918(0.918)
    4 4.095(0.095)
    3 2.949(-0.051)
    5 4.890(-0.110)
    4 3.875(-0.125)
    5 4.732(-0.268)
    5 4.654(-0.346)
    1 1.639(0.639)
    1 1.749(0.749)
    5 4.990(-0.010)
    5 4.973(-0.027)
    5 5.000(0.000)
    5 4.953(-0.047)
    5 4.911(-0.089)
    5 4.915(-0.085)
    1 1.378(0.378)
    1 1.610(0.610)
    1 2.351(1.351)
    1 1.995(0.995)
    1 1.514(0.514)
    5 4.426(-0.574)
    4 3.682(-0.318)
    2 2.603(0.603)
    3 2.640(-0.360)
    5 4.669(-0.331)
    3 2.928(-0.072)
    5 5.000(0.000)
    5 4.640(-0.360)
    4 3.833(-0.167)
    5 5.000(0.000)
    5 4.569(-0.431)
    1 1.801(0.801)
    1 1.140(0.140)
    1 1.140(0.140)
    1 1.140(0.140)
    1 1.140(0.140)
    1 1.140(0.140)
    1 1.140(0.140)
    1 1.140(0.140)
    1 1.140(0.140)
    1 1.140(0.140)
    1 1.140(0.140)
    1 1.453(0.453)
    1 1.464(0.464)
    1 1.110(0.110)
    1 1.140(0.140)
    1 1.660(0.660)
    5 4.823(-0.177)
    5 4.504(-0.496)
    4 4.245(0.245)
    4 3.808(-0.192)
    5 4.264(-0.736)
    4 4.051(0.051)
    5 4.147(-0.853)
    4 3.859(-0.141)
    5 4.313(-0.687)
    5 4.654(-0.346)
    4 4.095(0.095)
    4 3.793(-0.207)
    4 4.074(0.074)
    5 4.590(-0.410)
    5 4.953(-0.047)
    5 4.990(-0.010)
    5 5.000(0.000)
    5 4.656(-0.344)
    5 4.041(-0.959)
    3 2.924(-0.076)
    1 2.038(1.038)
    3 2.877(-0.123)
    1 2.010(1.010)
    5 3.996(-1.004)
    5 4.297(-0.703)
    2 1.940(-0.060)
    2 2.193(0.193)
    2 2.046(0.046)
    2 2.193(0.193)
    2 2.140(0.140)
    2 2.193(0.193)
    2 1.940(-0.060)
    2 2.310(0.310)
    2 1.940(-0.060)
    2 2.193(0.193)
    2 1.940(-0.060)
    5 4.953(-0.047)
    5 4.807(-0.193)
    5 4.890(-0.110)
    5 4.915(-0.085)
    5 4.682(-0.318)
    5 4.717(-0.283)
    5 4.854(-0.146)
    5 4.775(-0.225)
    5 4.864(-0.136)
    5 4.729(-0.271)
    3 3.345(0.345)
    4 3.953(-0.047)
    4 3.896(-0.104)
    5 4.834(-0.166)
    5 4.776(-0.224)
    5 4.569(-0.431)
    5 4.471(-0.529)
    5 4.575(-0.425)
    5 4.830(-0.170)
    4 4.068(0.068)
    5 4.533(-0.467)
    1 1.488(0.488)
    1 1.587(0.587)
    5 4.713(-0.287)
    5 4.843(-0.157)
    2 1.807(-0.193)
    2 2.193(0.193)
    2 2.140(0.140)
    2 2.140(0.140)
    2 1.807(-0.193)
    2 1.807(-0.193)
    2 1.940(-0.060)
    2 1.940(-0.060)
    2 2.140(0.140)
    2 2.068(0.068)
    2 1.940(-0.060)
    2 1.940(-0.060)
    2 2.063(0.063)
    2 2.193(0.193)
    2 1.951(-0.049)
    2 2.091(0.091)
    2 2.060(0.060)
    2 2.091(0.091)
    2 2.091(0.091)
    1 1.140(0.140)
    1 1.140(0.140)
    1 1.140(0.140)
    1 1.140(0.140)
    1 1.140(0.140)
    1 1.140(0.140)
    1 1.140(0.140)
    1 1.140(0.140)
    1 1.140(0.140)
    1 1.140(0.140)
    1 1.140(0.140)
    5 4.872(-0.128)
    5 4.617(-0.383)
    5 4.450(-0.550)
    5 4.723(-0.277)
    5 5.000(0.000)
    5 4.505(-0.495)
    5 5.000(0.000)
    5 3.982(-1.018)
    3 3.485(0.485)
    2 2.160(0.160)
    5 4.740(-0.260)
    5 4.958(-0.042)
    5 4.660(-0.340)
    5 4.790(-0.210)
    5 4.678(-0.322)
    5 4.711(-0.289)
    5 4.992(-0.008)
    5 4.854(-0.146)
    5 4.832(-0.168)
    5 4.740(-0.260)
    5 4.776(-0.224)
    5 4.569(-0.431)
    4 3.890(-0.110)
    5 4.274(-0.726)
    5 4.223(-0.777)
    5 4.543(-0.457)
    2 2.953(0.953)
    5 4.209(-0.791)
    4 3.926(-0.074)
    5 4.589(-0.411)
    2 3.108(1.108)
    4 3.992(-0.008)
    1 1.587(0.587)
    1 1.224(0.224)
    1 1.140(0.140)
    1 1.860(0.860)
    4 4.026(0.026)
    4 4.057(0.057)
    4 3.946(-0.054)
    4 3.956(-0.044)
    4 4.006(0.006)
    4 3.865(-0.135)
    4 3.996(-0.004)
    4 3.775(-0.225)
    4 4.140(0.140)
    4 4.178(0.178)
    4 3.928(-0.072)
    5 4.775(-0.225)
    4 4.015(0.015)
    5 4.625(-0.375)
    5 5.000(0.000)
    3 3.140(0.140)
    1 1.360(0.360)
    5 5.000(0.000)
    5 4.940(-0.060)
    5 4.980(-0.020)
    5 5.000(0.000)
    5 4.678(-0.322)
    5 5.000(0.000)
    5 5.000(0.000)
    5 4.918(-0.082)
    5 4.957(-0.043)
    5 4.929(-0.071)
    5 5.000(0.000)
    5 4.696(-0.304)
    5 5.000(0.000)
    5 4.776(-0.224)
    5 5.000(0.000)
    5 5.000(0.000)
    5 5.000(0.000)
    5 5.000(0.000)
    5 5.000(0.000)
    5 5.000(0.000)
    5 4.775(-0.225)
    5 5.000(0.000)
    5 5.000(0.000)
    4 4.039(0.039)
    4 3.953(-0.047)
    4 3.740(-0.260)
    4 4.015(0.015)
    4 3.943(-0.057)
    4 3.765(-0.235)
    4 3.961(-0.039)
    4 3.765(-0.235)
    4 4.140(0.140)
    5 5.000(0.000)
    5 4.926(-0.074)
    5 4.990(-0.010)
    5 5.000(0.000)
    5 5.000(0.000)
    4 4.140(0.140)
    4 4.039(0.039)
    4 3.990(-0.010)
    4 3.890(-0.110)
    4 4.140(0.140)
    4 3.926(-0.074)
    4 4.057(0.057)
    4 4.110(0.110)
    4 4.057(0.057)
    4 3.902(-0.098)
    5 5.000(0.000)
    3 2.923(-0.077)
    4 3.640(-0.360)
    5 4.890(-0.110)
    5 4.280(-0.720)
    5 4.830(-0.170)
    1 3.520(2.520)
    5 4.457(-0.543)
    3 3.069(0.069)
    3 3.199(0.199)
    3 3.129(0.129)
    3 2.985(-0.015)
    3 2.975(-0.025)
    3 3.063(0.063)
    3 3.201(0.201)
    3 3.039(0.039)
    3 2.928(-0.072)
    3 2.960(-0.040)
    3 2.985(-0.015)
    3 3.140(0.140)
    3 3.057(0.057)
    3 3.110(0.110)
    3 2.890(-0.110)
    3 3.057(0.057)
    3 3.110(0.110)
    3 3.057(0.057)
    3 3.057(0.057)
    3 3.057(0.057)
    3 3.057(0.057)
    3 3.057(0.057)
    3 3.057(0.057)
    3 3.110(0.110)
    3 3.057(0.057)
    4 3.879(-0.121)
    5 4.547(-0.453)
    2 2.485(0.485)
    3 3.007(0.007)
    5 4.703(-0.297)
    5 4.990(-0.010)
    4 3.986(-0.014)
    5 5.000(0.000)
    5 4.852(-0.148)
    4 3.841(-0.159)
    5 4.828(-0.172)
    4 3.902(-0.098)
    5 5.000(0.000)
    5 5.000(0.000)
    5 4.740(-0.260)
    5 5.000(0.000)
    5 5.000(0.000)
    5 4.621(-0.379)
    5 4.571(-0.429)
    5 4.650(-0.350)
    5 4.440(-0.560)
    5 4.469(-0.531)
    5 4.244(-0.756)
    5 4.775(-0.225)
    5 5.000(0.000)
    4 3.913(-0.087)
    3 3.060(0.060)
    5 5.000(0.000)
    4 3.775(-0.225)
    4 3.790(-0.210)
    4 3.962(-0.038)
    5 5.000(0.000)
    4 4.044(0.044)
    5 4.901(-0.099)
    5 4.825(-0.175)
    2 2.577(0.577)
    4 3.955(-0.045)
    5 4.288(-0.712)
    2 2.527(0.527)
    4 3.782(-0.218)
    1 1.140(0.140)
    5 4.680(-0.320)
    5 4.703(-0.297)
    5 4.990(-0.010)
    5 5.000(0.000)
    5 5.000(0.000)
    5 5.000(0.000)
    5 5.000(0.000)
    5 5.000(0.000)
    5 5.000(0.000)
    5 5.000(0.000)
    5 5.000(0.000)
    5 5.000(0.000)
    5 5.000(0.000)
    5 5.000(0.000)
    5 5.000(0.000)
    5 5.000(0.000)
    5 5.000(0.000)
    5 5.000(0.000)
    5 5.000(0.000)
    5 5.000(0.000)
    5 5.000(0.000)
    5 5.000(0.000)
    5 5.000(0.000)
    5 4.854(-0.146)
    5 5.000(0.000)
    5 4.873(-0.127)
    5 5.000(0.000)
    5 5.000(0.000)
    5 5.000(0.000)
    5 5.000(0.000)
    5 5.000(0.000)
    5 5.000(0.000)
    5 4.861(-0.139)
    5 4.918(-0.082)
    5 5.000(0.000)
    5 5.000(0.000)
    5 5.000(0.000)
    5 4.854(-0.146)
    1 2.373(1.373)
    5 4.401(-0.599)
    5 4.213(-0.787)
    2 3.138(1.138)
    1 1.477(0.477)
    5 4.568(-0.432)
    5 4.461(-0.539)
    5 4.461(-0.539)
    5 4.439(-0.561)
    5 4.397(-0.603)
    5 4.675(-0.325)
    5 4.578(-0.422)
    5 4.480(-0.520)
    5 4.563(-0.437)
    1 1.140(0.140)
    1 1.193(0.193)
    1 1.224(0.224)
    1 1.266(0.266)
    5 4.990(-0.010)
    5 5.000(0.000)
    5 5.000(0.000)
    5 5.000(0.000)
    5 5.000(0.000)
    5 5.000(0.000)
    5 5.000(0.000)
    5 5.000(0.000)
    5 4.557(-0.443)
    5 4.617(-0.383)
    5 4.973(-0.027)
    2 2.503(0.503)
    5 4.264(-0.736)
    5 4.293(-0.707)
    5 4.492(-0.508)
    5 4.228(-0.772)
    5 4.509(-0.491)
    5 4.314(-0.686)
    4 3.820(-0.180)
    5 4.093(-0.907)
    5 4.617(-0.383)
    5 4.330(-0.670)
    5 4.277(-0.723)
    5 4.450(-0.550)
    5 4.890(-0.110)
    5 3.928(-1.072)
    5 4.958(-0.042)
    5 4.174(-0.826)
    5 4.339(-0.661)
    5 4.330(-0.670)
    5 5.000(0.000)
    5 5.000(0.000)
    5 5.000(0.000)
    5 5.000(0.000)
    5 5.000(0.000)
    5 5.000(0.000)
    5 5.000(0.000)
    5 5.000(0.000)
    1 1.140(0.140)
    1 1.146(0.146)
    1 1.360(0.360)
    1 1.224(0.224)
    1 1.516(0.516)
    1 1.193(0.193)
    5 5.000(0.000)
    5 4.968(-0.032)
    5 5.000(0.000)
    5 4.699(-0.301)
    5 5.000(0.000)
    5 4.861(-0.139)
    5 4.801(-0.199)
    5 5.000(0.000)
    5 5.000(0.000)
    5 4.699(-0.301)
    5 5.000(0.000)
    5 5.000(0.000)
    2 2.140(0.140)
    5 5.000(0.000)
    3 3.110(0.110)
    5 4.666(-0.334)
    5 4.640(-0.360)
    5 4.535(-0.465)
    5 4.525(-0.475)
    5 5.000(0.000)
    5 4.640(-0.360)
    5 4.926(-0.074)
    5 5.000(0.000)
    4 3.967(-0.033)
    4 3.985(-0.015)
    1 1.277(0.277)
    4 4.074(0.074)
    4 4.068(0.068)
    4 4.166(0.166)
    4 3.790(-0.210)
    4 4.193(0.193)
    4 3.985(-0.015)
    4 3.896(-0.104)
    4 4.266(0.266)
    4 3.967(-0.033)
    4 3.953(-0.047)
    4 4.068(0.068)
    4 4.046(0.046)
    4 4.266(0.266)
    4 3.943(-0.057)
    4 4.068(0.068)
    4 3.910(-0.090)
    4 3.971(-0.029)
    4 3.928(-0.072)
    4 4.015(0.015)
    4 3.971(-0.029)
    3 3.042(0.042)
    4 4.160(0.160)
    1 1.385(0.385)
    2 2.574(0.574)
    4 4.012(0.012)
    5 4.499(-0.501)
    5 4.458(-0.542)
    4 3.959(-0.041)
    4 3.859(-0.141)
    4 3.779(-0.221)
    4 3.779(-0.221)
    1 1.140(0.140)
    4 3.999(-0.001)
    1 1.016(0.016)
    4 3.951(-0.049)
    5 4.990(-0.010)
    5 5.000(0.000)
    5 5.000(0.000)
    5 5.000(0.000)
    4 4.040(0.040)
    4 4.007(0.007)
    4 3.898(-0.102)
    4 3.944(-0.056)
    3 3.253(0.253)
    3 2.910(-0.090)
    3 3.057(0.057)
    3 2.790(-0.210)
    3 2.790(-0.210)
    3 3.057(0.057)
    3 2.967(-0.033)
    3 3.057(0.057)
    3 3.057(0.057)
    3 2.723(-0.277)
    3 3.443(0.443)
    5 4.406(-0.594)
    4 4.005(0.005)
    4 3.726(-0.274)
    5 4.463(-0.537)
    4 3.900(-0.100)
    4 3.664(-0.336)
    4 4.090(0.090)
    5 4.402(-0.598)
    5 5.000(0.000)
    5 4.658(-0.342)
    4 4.253(0.253)
    5 4.953(-0.047)
    5 5.000(0.000)
    5 5.000(0.000)
    5 5.000(0.000)
    5 5.000(0.000)
    5 5.000(0.000)
    5 5.000(0.000)
    5 5.000(0.000)
    5 5.000(0.000)
    4 4.105(0.105)
    5 4.115(-0.885)
    5 5.000(0.000)
    5 4.679(-0.321)
    5 4.539(-0.461)
    5 4.953(-0.047)
    5 4.672(-0.328)
    5 4.300(-0.700)
    3 3.508(0.508)
    5 4.726(-0.274)
    5 4.607(-0.393)
    5 4.403(-0.597)
    1 1.140(0.140)
    5 4.399(-0.601)
    5 4.486(-0.514)
    4 3.819(-0.181)
    4 4.110(0.110)
    4 4.026(0.026)
    4 3.790(-0.210)
    4 3.888(-0.112)
    4 3.902(-0.098)
    4 4.104(0.104)
    4 3.723(-0.277)
    5 4.640(-0.360)
    4 4.132(0.132)
    5 4.482(-0.518)
    5 4.782(-0.218)
    4 3.998(-0.002)
    5 4.316(-0.684)
    4 3.910(-0.090)
    4 3.723(-0.277)
    4 3.888(-0.112)
    4 4.110(0.110)
    4 4.104(0.104)
    4 4.140(0.140)
    4 4.140(0.140)
    4 3.990(-0.010)
    4 3.946(-0.054)
    4 3.946(-0.054)
    4 4.026(0.026)
    5 4.580(-0.420)
    5 4.274(-0.726)
    2 3.009(1.009)
    5 4.168(-0.832)
    3 3.391(0.391)
    5 4.536(-0.464)
    5 4.920(-0.080)
    2 1.898(-0.102)
    5 4.231(-0.769)
    1 1.918(0.918)
    5 4.660(-0.340)
    4 3.690(-0.310)
    5 4.823(-0.177)
    3 3.324(0.324)
    1 1.277(0.277)
    1 1.140(0.140)
    1 1.140(0.140)
    1 1.277(0.277)
    1 1.110(0.110)
    3 3.277(0.277)
    3 2.985(-0.015)
    3 3.027(0.027)
    3 3.110(0.110)
    1 1.335(0.335)
    1 1.379(0.379)
    1 1.503(0.503)
    1 1.313(0.313)
    1 1.461(0.461)
    3 3.235(0.235)
    1 1.433(0.433)
    5 4.429(-0.571)
    5 4.813(-0.187)
    5 4.557(-0.443)
    5 5.000(0.000)
    5 5.000(0.000)
    4 4.154(0.154)
    4 4.046(0.046)
    5 4.729(-0.271)
    5 5.000(0.000)
    5 4.390(-0.610)
    5 5.000(0.000)
    5 4.674(-0.326)
    5 4.704(-0.296)
    4 3.813(-0.187)
    5 4.442(-0.558)
    5 4.507(-0.493)
    5 4.695(-0.305)
    5 5.000(0.000)
    5 5.000(0.000)
    4 4.140(0.140)
    5 4.832(-0.168)
    5 5.000(0.000)
    5 4.854(-0.146)
    5 4.832(-0.168)
    5 4.832(-0.168)
    5 4.525(-0.475)
    5 4.873(-0.127)
    5 4.873(-0.127)
    5 4.890(-0.110)
    5 5.000(0.000)
    5 4.640(-0.360)
    5 4.854(-0.146)
    1 1.560(0.560)
    5 4.640(-0.360)
    5 5.000(0.000)
    4 3.997(-0.003)
    4 3.954(-0.046)
    4 3.985(-0.015)
    4 4.140(0.140)
    4 4.057(0.057)
    4 4.235(0.235)
    4 3.935(-0.065)
    4 4.141(0.141)
    4 3.888(-0.112)
    4 4.140(0.140)
    4 4.235(0.235)
    4 3.971(-0.029)
    4 3.910(-0.090)
    4 4.054(0.054)
    5 4.828(-0.172)
    5 4.612(-0.388)
    5 4.703(-0.297)
    5 4.612(-0.388)
    5 4.953(-0.047)
    5 4.640(-0.360)
    5 4.867(-0.133)
    2 2.140(0.140)
    2 2.003(0.003)
    2 1.967(-0.033)
    2 1.807(-0.193)
    2 1.943(-0.057)
    2 2.181(0.181)
    2 2.015(0.015)
    2 1.890(-0.110)
    2 1.910(-0.090)
    2 2.173(0.173)
    4 3.990(-0.010)
    4 3.890(-0.110)
    4 3.890(-0.110)
    4 4.110(0.110)
    5 4.668(-0.332)
    5 4.397(-0.603)
    5 4.649(-0.351)
    5 4.480(-0.520)
    4 4.073(0.073)
    4 4.127(0.127)
    3 3.061(0.061)
    5 5.000(0.000)
    4 4.207(0.207)
    4 3.866(-0.134)
    5 4.696(-0.304)
    1 1.633(0.633)
    4 4.109(0.109)
    5 5.000(0.000)
    5 5.000(0.000)
    5 5.000(0.000)
    5 4.905(-0.095)
    5 5.000(0.000)
    5 5.000(0.000)
    5 4.803(-0.197)
    5 4.873(-0.127)
    5 4.801(-0.199)
    5 4.723(-0.277)
    5 5.000(0.000)
    5 5.000(0.000)
    5 5.000(0.000)
    5 4.679(-0.321)
    5 4.846(-0.154)
    5 4.288(-0.712)
    5 4.465(-0.535)
    5 4.582(-0.418)
    5 4.862(-0.138)
    5 4.664(-0.336)
    5 4.450(-0.550)
    5 4.500(-0.500)
    5 4.529(-0.471)
    5 4.665(-0.335)
    2 2.110(0.110)
    5 5.000(0.000)
    5 5.000(0.000)
    4 3.869(-0.131)
    5 4.890(-0.110)
    4 3.979(-0.021)
    5 4.979(-0.021)
    3 3.007(0.007)
    3 3.110(0.110)
    3 3.063(0.063)
    3 3.092(0.092)
    4 3.926(-0.074)
    4 4.110(0.110)
    4 3.740(-0.260)
    4 4.110(0.110)
    4 4.110(0.110)
    4 4.235(0.235)
    4 4.057(0.057)
    4 4.110(0.110)
    4 3.926(-0.074)
    4 4.110(0.110)
    4 4.110(0.110)
    4 4.110(0.110)
    4 4.078(0.078)
    5 4.719(-0.281)
    5 5.000(0.000)
    4 4.107(0.107)
    5 4.953(-0.047)
    5 4.838(-0.162)
    5 5.000(0.000)
    5 5.000(0.000)
    5 5.000(0.000)
    5 5.000(0.000)
    5 5.000(0.000)
    5 4.953(-0.047)
    5 5.000(0.000)
    5 5.000(0.000)
    5 4.890(-0.110)
    5 5.000(0.000)
    5 5.000(0.000)
    5 5.000(0.000)
    5 4.822(-0.178)
    5 4.344(-0.656)
    5 4.977(-0.023)
    2 2.643(0.643)
    5 4.995(-0.005)
    4 4.079(0.079)
    3 3.599(0.599)
    1 2.110(1.110)
    3 3.068(0.068)
    5 4.776(-0.224)
    5 4.550(-0.450)
    5 4.585(-0.415)
    5 4.076(-0.924)
    5 4.498(-0.502)
    1 2.465(1.465)
    5 4.363(-0.637)
    4 4.011(0.011)
    4 3.803(-0.197)
    3 2.928(-0.072)
    5 3.940(-1.060)
    5 5.000(0.000)
    5 4.740(-0.260)
    5 4.434(-0.566)
    5 4.854(-0.146)
    5 4.525(-0.475)
    5 5.000(0.000)
    4 3.937(-0.063)
    5 5.000(0.000)
    5 4.873(-0.127)
    5 4.832(-0.168)
    5 4.943(-0.057)
    5 4.449(-0.551)
    1 1.521(0.521)
    5 4.935(-0.065)
    5 4.698(-0.302)
    3 2.931(-0.069)
    5 5.000(0.000)
    5 4.717(-0.283)
    5 5.000(0.000)
    3 3.445(0.445)
    5 4.540(-0.460)
    5 5.000(0.000)
    5 4.953(-0.047)
    5 4.140(-0.860)
    3 2.943(-0.057)
    5 4.650(-0.350)
    1 1.173(0.173)
    5 4.621(-0.379)
    5 4.723(-0.277)
    1 1.571(0.571)
    4 3.866(-0.134)
    5 4.448(-0.552)
    4 4.088(0.088)
    5 4.543(-0.457)
    4 4.108(0.108)
    5 4.918(-0.082)
    5 5.000(0.000)
    5 5.000(0.000)
    5 5.000(0.000)
    5 5.000(0.000)
    5 4.744(-0.256)
    5 5.000(0.000)
    5 5.000(0.000)
    5 5.000(0.000)
    5 5.000(0.000)
    5 5.000(0.000)
    3 3.010(0.010)
    5 4.778(-0.222)
    5 4.565(-0.435)
    5 4.297(-0.703)
    5 4.607(-0.393)
    3 3.137(0.137)
    4 4.074(0.074)
    5 4.617(-0.383)
    5 5.000(0.000)
    5 4.312(-0.688)
    3 3.128(0.128)
    5 5.000(0.000)
    5 5.000(0.000)
    5 5.000(0.000)
    5 4.747(-0.253)
    5 5.000(0.000)
    5 5.000(0.000)
    5 4.852(-0.148)
    5 5.000(0.000)
    5 4.673(-0.327)
    5 4.813(-0.187)
    5 4.659(-0.341)
    5 4.747(-0.253)
    5 4.640(-0.360)
    5 4.385(-0.615)
    5 4.414(-0.586)
    5 4.395(-0.605)
    3 3.019(0.019)
    5 4.747(-0.253)
    5 4.794(-0.206)
    5 5.000(0.000)
    3 3.185(0.185)
    4 3.640(-0.360)
    5 4.671(-0.329)
    5 4.801(-0.199)
    3 3.206(0.206)
    1 0.999(-0.001)
    5 5.000(0.000)
    5 4.890(-0.110)
    5 5.000(0.000)
    5 4.890(-0.110)
    5 5.000(0.000)
    5 5.000(0.000)
    5 5.000(0.000)
    5 5.000(0.000)
    5 5.000(0.000)
    5 5.000(0.000)
    1 1.140(0.140)
    1 1.140(0.140)
    1 2.002(1.002)
    3 3.510(0.510)
    5 4.640(-0.360)
    5 4.953(-0.047)
    3 3.245(0.245)
    3 2.897(-0.103)
    3 3.258(0.258)
    5 4.878(-0.122)
    5 4.699(-0.301)
    2 2.434(0.434)
    4 4.101(0.101)
    5 4.828(-0.172)
    5 4.640(-0.360)
    5 4.950(-0.050)
    1 1.565(0.565)
    4 4.035(0.035)
    2 2.485(0.485)
    4 4.085(0.085)
    5 4.331(-0.669)
    5 4.696(-0.304)
    2 2.436(0.436)
    5 4.911(-0.089)
    5 5.000(0.000)
    5 4.243(-0.757)
    5 4.342(-0.658)
    4 4.015(0.015)
    5 5.000(0.000)
    5 5.000(0.000)
    1 2.850(1.850)
    4 4.078(0.078)
    4 4.038(0.038)
    2 2.799(0.799)
    5 4.356(-0.644)
    5 4.776(-0.224)
    4 4.140(0.140)
    5 4.692(-0.308)
    4 4.010(0.010)
    4 4.079(0.079)
    5 4.980(-0.020)
    4 4.093(0.093)
    5 4.533(-0.467)
    5 4.928(-0.072)
    3 3.011(0.011)
    4 3.891(-0.109)
    4 3.870(-0.130)
    1 1.140(0.140)
    1 1.140(0.140)
    1 1.140(0.140)
    1 1.140(0.140)
    1 1.140(0.140)
    1 1.224(0.224)
    1 1.140(0.140)
    1 1.140(0.140)
    1 1.140(0.140)
    1 1.140(0.140)
    1 1.140(0.140)
    1 1.140(0.140)
    5 4.797(-0.203)
    5 4.765(-0.235)
    5 4.911(-0.089)
    5 4.669(-0.331)
    5 4.740(-0.260)
    5 4.588(-0.412)
    5 4.890(-0.110)
    5 4.807(-0.193)
    4 3.903(-0.097)
    2 2.304(0.304)
    3 3.256(0.256)
    3 3.021(0.021)
    3 2.879(-0.121)
    3 3.124(0.124)
    3 2.881(-0.119)
    5 4.457(-0.543)
    3 2.953(-0.047)
    3 2.698(-0.302)
    5 4.330(-0.670)
    3 2.787(-0.213)
    3 3.015(0.015)
    3 3.074(0.074)
    3 3.015(0.015)
    2 1.913(-0.087)
    2 2.048(0.048)
    2 1.992(-0.008)
    2 1.981(-0.019)
    2 2.077(0.077)
    2 1.985(-0.015)
    2 2.065(0.065)
    2 1.980(-0.020)
    2 2.062(0.062)
    2 1.795(-0.205)
    2 2.092(0.092)
    5 5.000(0.000)
    5 5.000(0.000)
    5 5.000(0.000)
    5 5.000(0.000)
    5 5.000(0.000)
    5 4.990(-0.010)
    5 5.000(0.000)
    5 5.000(0.000)
    5 4.473(-0.527)
    5 5.000(0.000)
    5 5.000(0.000)
    5 5.000(0.000)
    5 5.000(0.000)
    5 4.711(-0.289)
    4 3.956(-0.044)
    5 4.341(-0.659)
    1 1.572(0.572)
    5 4.688(-0.312)
    5 4.255(-0.745)
    5 4.775(-0.225)
    5 4.469(-0.531)
    5 4.329(-0.671)
    5 5.000(0.000)
    5 4.765(-0.235)
    5 5.000(0.000)
    5 4.990(-0.010)
    5 5.000(0.000)
    5 5.000(0.000)
    5 5.000(0.000)
    5 5.000(0.000)
    5 5.000(0.000)
    5 5.000(0.000)
    5 5.000(0.000)
    5 4.890(-0.110)
    5 5.000(0.000)
    5 5.000(0.000)
    5 5.000(0.000)
    5 4.990(-0.010)
    5 5.000(0.000)
    5 5.000(0.000)
    5 4.840(-0.160)
    5 5.000(0.000)
    5 5.000(0.000)
    5 4.859(-0.141)
    5 4.626(-0.374)
    1 1.277(0.277)
    1 1.140(0.140)
    1 1.140(0.140)
    5 4.819(-0.181)
    2 2.160(0.160)
    5 5.000(0.000)
    5 4.909(-0.091)
    5 4.990(-0.010)
    5 4.819(-0.181)
    5 4.807(-0.193)
    5 4.873(-0.127)
    5 4.807(-0.193)
    5 5.000(0.000)
    5 4.340(-0.660)
    5 4.776(-0.224)
    5 4.953(-0.047)
    5 4.890(-0.110)
    5 5.000(0.000)
    5 4.504(-0.496)
    3 3.668(0.668)
    5 4.640(-0.360)
    5 4.612(-0.388)
    5 5.000(0.000)
    4 4.133(0.133)
    5 5.000(0.000)
    5 5.000(0.000)
    5 5.000(0.000)
    5 5.000(0.000)
    5 4.740(-0.260)
    5 4.589(-0.411)
    3 2.974(-0.026)
    5 4.801(-0.199)
    5 3.886(-1.114)
    5 4.285(-0.715)
    5 5.000(0.000)
    5 4.204(-0.796)
    5 4.554(-0.446)
    5 4.258(-0.742)
    5 4.678(-0.322)
    5 4.197(-0.803)
    5 4.308(-0.692)
    4 3.873(-0.127)
    5 4.431(-0.569)
    5 4.565(-0.435)
    4 4.005(0.005)
    5 4.667(-0.333)
    5 4.485(-0.515)
    5 4.729(-0.271)
    1 2.160(1.160)
    5 4.740(-0.260)
    5 4.692(-0.308)
    5 4.150(-0.850)
    5 4.497(-0.503)
    5 4.263(-0.737)
    5 4.350(-0.650)
    5 4.223(-0.777)
    4 4.034(0.034)
    5 5.000(0.000)
    3 2.986(-0.014)
    4 3.758(-0.242)
    4 3.989(-0.011)
    5 4.196(-0.804)
    5 4.973(-0.027)
    5 4.620(-0.380)
    5 4.708(-0.292)
    5 4.600(-0.400)
    5 4.416(-0.584)
    1 1.140(0.140)
    1 1.140(0.140)
    1 1.140(0.140)
    1 1.140(0.140)
    1 1.140(0.140)
    1 1.140(0.140)
    1 1.140(0.140)
    1 1.140(0.140)
    1 1.140(0.140)
    1 1.140(0.140)
    1 1.140(0.140)
    1 1.140(0.140)
    3 3.260(0.260)
    5 5.000(0.000)
    5 5.000(0.000)
    5 5.000(0.000)
    5 5.000(0.000)
    5 4.890(-0.110)
    5 5.000(0.000)
    4 3.868(-0.132)
    5 4.569(-0.431)
    4 3.907(-0.093)
    5 4.742(-0.258)
    5 4.557(-0.443)
    5 5.000(0.000)
    4 4.046(0.046)
    4 3.873(-0.127)
    5 4.958(-0.042)
    4 3.997(-0.003)
    5 5.000(0.000)
    5 5.000(0.000)
    5 5.000(0.000)
    5 5.000(0.000)
    5 5.000(0.000)
    5 5.000(0.000)
    5 5.000(0.000)
    5 5.000(0.000)
    5 5.000(0.000)
    5 5.000(0.000)
    5 5.000(0.000)
    5 4.832(-0.168)
    5 5.000(0.000)
    5 4.978(-0.022)
    5 5.000(0.000)
    5 5.000(0.000)
    5 4.740(-0.260)
    5 5.000(0.000)
    5 5.000(0.000)
    5 5.000(0.000)
    5 5.000(0.000)
    5 4.873(-0.127)
    5 5.000(0.000)
    5 5.000(0.000)
    5 4.890(-0.110)
    5 4.843(-0.157)
    5 4.890(-0.110)
    5 4.876(-0.124)
    5 4.654(-0.346)
    5 4.525(-0.475)
    5 5.000(0.000)
    5 4.973(-0.027)
    4 3.910(-0.090)
    5 5.000(0.000)
    5 5.000(0.000)
    5 4.926(-0.074)
    5 4.464(-0.536)
    5 4.612(-0.388)
    5 4.468(-0.532)
    5 4.966(-0.034)
    5 4.740(-0.260)
    5 4.682(-0.318)
    5 4.631(-0.369)
    5 4.926(-0.074)
    5 4.448(-0.552)
    5 4.749(-0.251)
    4 4.042(0.042)
    2 2.110(0.110)
    5 5.000(0.000)
    3 3.062(0.062)
    3 3.352(0.352)
    5 4.953(-0.047)
    4 4.040(0.040)
    4 4.110(0.110)
    4 4.360(0.360)
    4 3.985(-0.015)
    4 4.298(0.298)
    4 3.890(-0.110)
    4 4.298(0.298)
    4 4.022(0.022)
    4 4.044(0.044)
    4 4.031(0.031)
    4 3.951(-0.049)
    4 4.039(0.039)
    5 5.000(0.000)
    4 3.956(-0.044)
    5 4.444(-0.556)
    4 4.131(0.131)
    3 2.967(-0.033)
    4 4.206(0.206)
    1 1.140(0.140)
    1 1.140(0.140)
    1 1.140(0.140)
    1 1.140(0.140)
    1 1.140(0.140)
    1 1.140(0.140)
    1 1.140(0.140)
    1 1.140(0.140)
    1 1.140(0.140)
    1 1.140(0.140)
    1 1.140(0.140)
    1 1.140(0.140)
    1 1.140(0.140)
    1 1.140(0.140)
    5 4.489(-0.511)
    5 4.341(-0.659)
    5 4.243(-0.757)
    5 4.617(-0.383)
    5 4.696(-0.304)
    5 4.344(-0.656)
    5 4.803(-0.197)
    5 4.413(-0.587)
    5 4.630(-0.370)
    4 4.027(0.027)
    5 4.804(-0.196)
    5 4.434(-0.566)
    4 4.027(0.027)
    1 1.140(0.140)
    1 1.140(0.140)
    1 1.140(0.140)
    1 1.140(0.140)
    1 1.140(0.140)
    1 1.260(0.260)
    1 1.140(0.140)
    1 1.140(0.140)
    1 1.266(0.266)
    1 1.140(0.140)
    1 1.140(0.140)
    1 1.360(0.360)
    4 3.770(-0.230)
    5 5.000(0.000)
    5 4.525(-0.475)
    5 4.467(-0.533)
    5 4.668(-0.332)
    5 4.844(-0.156)
    4 4.073(0.073)
    5 4.696(-0.304)
    5 5.000(0.000)
    4 4.015(0.015)
    5 4.231(-0.769)
    5 4.796(-0.204)
    5 4.740(-0.260)
    5 5.000(0.000)
    5 5.000(0.000)
    5 5.000(0.000)
    5 5.000(0.000)
    5 5.000(0.000)
    5 4.769(-0.231)
    5 5.000(0.000)
    5 5.000(0.000)
    5 5.000(0.000)
    5 5.000(0.000)
    5 5.000(0.000)
    3 3.242(0.242)
    5 4.776(-0.224)
    5 4.765(-0.235)
    1 1.140(0.140)
    5 4.378(-0.622)
    5 4.688(-0.312)
    3 2.986(-0.014)
    5 4.227(-0.773)
    1 0.964(-0.036)
    5 5.000(0.000)
    4 3.958(-0.042)
    5 5.000(0.000)
    5 4.890(-0.110)
    5 4.755(-0.245)
    4 4.202(0.202)
    5 4.935(-0.065)
    5 4.790(-0.210)
    5 5.000(0.000)
    5 4.928(-0.072)
    5 4.903(-0.097)
    5 5.000(0.000)
    5 5.000(0.000)
    5 4.688(-0.312)
    5 4.669(-0.331)
    5 5.000(0.000)
    5 4.688(-0.312)
    5 5.000(0.000)
    5 5.000(0.000)
    5 5.000(0.000)
    4 4.140(0.140)
    5 4.604(-0.396)
    5 4.515(-0.485)
    5 4.852(-0.148)
    4 3.943(-0.057)
    4 3.967(-0.033)
    4 3.816(-0.184)
    4 3.943(-0.057)
    4 4.071(0.071)
    4 3.908(-0.092)
    5 4.428(-0.572)
    5 4.659(-0.341)
    5 4.313(-0.687)
    1 1.610(0.610)
    5 4.584(-0.416)
    5 4.727(-0.273)
    1 1.140(0.140)
    5 4.816(-0.184)
    5 4.029(-0.971)
    5 4.861(-0.139)
    5 4.429(-0.571)
    5 4.260(-0.740)
    4 3.807(-0.193)
    5 4.632(-0.368)
    5 4.585(-0.415)
    5 4.640(-0.360)
    5 5.000(0.000)
    4 4.003(0.003)
    4 3.807(-0.193)
    4 3.807(-0.193)
    4 3.876(-0.124)
    4 3.919(-0.081)
    4 3.807(-0.193)
    4 3.807(-0.193)
    5 4.097(-0.903)
    5 4.542(-0.458)
    5 4.211(-0.789)
    5 4.199(-0.801)
    5 4.408(-0.592)
    5 4.325(-0.675)
    5 4.531(-0.469)
    5 4.300(-0.700)
    5 4.392(-0.608)
    5 4.293(-0.707)
    5 4.515(-0.485)
    5 4.412(-0.588)
    5 4.556(-0.444)
    5 4.415(-0.585)
    5 4.745(-0.255)
    5 4.243(-0.757)
    5 4.620(-0.380)
    5 4.674(-0.326)
    5 4.286(-0.714)
    5 4.642(-0.358)
    5 4.178(-0.822)
    1 1.304(0.304)
    1 1.140(0.140)
    1 1.360(0.360)
    1 1.140(0.140)
    1 1.140(0.140)
    1 1.260(0.260)
    1 1.140(0.140)
    1 1.140(0.140)
    1 1.140(0.140)
    1 1.360(0.360)
    3 3.667(0.667)
    3 3.034(0.034)
    1 1.897(0.897)
    2 2.360(0.360)
    4 3.928(-0.072)
    2 2.334(0.334)
    1 1.140(0.140)
    5 5.000(0.000)
    1 1.527(0.527)
    1 1.140(0.140)
    5 4.851(-0.149)
    5 4.717(-0.283)
    5 4.520(-0.480)
    2 2.168(0.168)
    3 3.130(0.130)
    3 3.027(0.027)
    3 2.875(-0.125)
    3 2.948(-0.052)
    5 5.000(0.000)
    5 4.990(-0.010)
    5 5.000(0.000)
    5 5.000(0.000)
    5 5.000(0.000)
    5 5.000(0.000)
    5 5.000(0.000)
    5 4.990(-0.010)
    5 5.000(0.000)
    5 4.819(-0.181)
    4 3.973(-0.027)
    5 5.000(0.000)
    4 3.848(-0.152)
    5 4.753(-0.247)
    4 4.006(0.006)
    1 1.140(0.140)
    5 4.624(-0.376)
    5 4.874(-0.126)
    5 4.819(-0.181)
    5 4.593(-0.407)
    5 5.000(0.000)
    5 5.000(0.000)
    4 3.934(-0.066)
    5 4.775(-0.225)
    5 4.773(-0.227)
    4 4.013(0.013)
    5 5.000(0.000)
    3 3.033(0.033)
    1 1.519(0.519)
    2 1.896(-0.104)
    5 4.793(-0.207)
    3 3.095(0.095)
    5 4.696(-0.304)
    1 1.660(0.660)
    3 2.905(-0.095)
    2 2.056(0.056)
    5 4.240(-0.760)
    3 3.071(0.071)
    5 4.775(-0.225)
    5 4.543(-0.457)
    1 1.110(0.110)
    1 1.140(0.140)
    1 1.140(0.140)
    1 1.140(0.140)
    1 1.140(0.140)
    1 1.140(0.140)
    1 1.140(0.140)
    1 1.140(0.140)
    1 1.431(0.431)
    1 1.527(0.527)
    5 4.549(-0.451)
    5 4.426(-0.574)
    5 4.472(-0.528)
    5 4.437(-0.563)
    5 4.338(-0.662)
    5 4.397(-0.603)
    4 3.970(-0.030)
    5 4.490(-0.510)
    1 1.140(0.140)
    5 4.786(-0.214)
    5 4.973(-0.027)
    5 4.760(-0.240)
    5 4.821(-0.179)
    2 2.464(0.464)
    5 4.741(-0.259)
    5 4.776(-0.224)
    5 4.515(-0.485)
    5 4.854(-0.146)
    5 4.537(-0.463)
    5 4.807(-0.193)
    5 4.411(-0.589)
    5 4.776(-0.224)
    5 4.872(-0.128)
    5 4.726(-0.274)
    5 4.861(-0.139)
    5 5.000(0.000)
    5 4.103(-0.897)
    5 4.807(-0.193)
    4 4.060(0.060)
    5 4.534(-0.466)
    4 3.685(-0.315)
    4 4.195(0.195)
    5 4.625(-0.375)
    5 4.457(-0.543)
    1 1.324(0.324)
    2 2.884(0.884)
    5 4.619(-0.381)
    5 4.883(-0.117)
    5 4.762(-0.238)
    5 4.656(-0.344)
    3 3.146(0.146)
    1 1.760(0.760)
    1 1.631(0.631)
    5 4.696(-0.304)
    4 4.060(0.060)
    5 5.000(0.000)
    5 4.566(-0.434)
    4 3.979(-0.021)
    5 4.563(-0.437)
    5 4.574(-0.426)
    5 4.426(-0.574)
    5 4.619(-0.381)
    5 4.551(-0.449)
    5 4.525(-0.475)
    4 3.890(-0.110)
    5 4.775(-0.225)
    5 4.903(-0.097)
    5 4.803(-0.197)
    5 4.958(-0.042)
    5 4.880(-0.120)
    5 4.810(-0.190)
    5 4.595(-0.405)
    5 4.792(-0.208)
    4 3.890(-0.110)
    5 4.669(-0.331)
    3 3.360(0.360)
    5 4.890(-0.110)
    2 2.005(0.005)
    5 4.625(-0.375)
    4 3.902(-0.098)
    4 4.078(0.078)
    4 4.098(0.098)
    4 3.854(-0.146)
    4 3.967(-0.033)
    4 3.890(-0.110)
    4 3.859(-0.141)
    4 3.890(-0.110)
    4 4.003(0.003)
    4 3.740(-0.260)
    4 4.257(0.257)
    4 3.914(-0.086)
    4 3.938(-0.062)
    4 4.046(0.046)
    4 3.982(-0.018)
    4 3.934(-0.066)
    5 4.390(-0.610)
    2 2.193(0.193)
    5 5.000(0.000)
    2 2.193(0.193)
    5 4.526(-0.474)
    4 4.016(0.016)
    5 4.654(-0.346)
    4 3.775(-0.225)
    5 4.844(-0.156)
    5 4.578(-0.422)
    5 4.328(-0.672)
    5 4.765(-0.235)
    5 4.708(-0.292)
    5 4.823(-0.177)
    5 4.715(-0.285)
    5 4.525(-0.475)
    5 4.658(-0.342)
    5 4.701(-0.299)
    5 4.843(-0.157)
    4 4.060(0.060)
    5 4.848(-0.152)
    5 4.679(-0.321)
    5 5.000(0.000)
    3 3.064(0.064)
    4 4.139(0.139)
    5 5.000(0.000)
    5 4.473(-0.527)
    5 5.000(0.000)
    5 5.000(0.000)
    5 5.000(0.000)
    5 5.000(0.000)
    5 5.000(0.000)
    5 5.000(0.000)
    5 5.000(0.000)
    5 5.000(0.000)
    5 5.000(0.000)
    5 5.000(0.000)
    1 1.673(0.673)
    3 3.402(0.402)
    5 5.000(0.000)
    1 1.140(0.140)
    2 2.110(0.110)
    5 4.604(-0.396)
    5 4.502(-0.498)
    5 4.536(-0.464)
    5 4.958(-0.042)
    5 5.000(0.000)
    2 2.140(0.140)
    1 1.140(0.140)
    5 4.776(-0.224)
    5 5.000(0.000)
    5 4.661(-0.339)
    5 4.654(-0.346)
    1 1.304(0.304)
    5 4.671(-0.329)
    4 3.870(-0.130)
    2 2.762(0.762)
    5 4.730(-0.270)
    4 3.874(-0.126)
    5 4.185(-0.815)
    3 3.600(0.600)
    5 4.918(-0.082)
    5 4.448(-0.552)
    4 4.051(0.051)
    4 4.022(0.022)
    5 4.744(-0.256)
    5 4.832(-0.168)
    4 4.033(0.033)
    5 4.143(-0.857)
    4 4.003(0.003)
    5 4.507(-0.493)
    5 4.990(-0.010)
    4 3.877(-0.123)
    5 5.000(0.000)
    5 4.520(-0.480)
    5 4.990(-0.010)
    5 4.723(-0.277)
    1 0.999(-0.001)
    4 3.698(-0.302)
    5 4.176(-0.824)
    4 4.225(0.225)
    1 1.140(0.140)
    1 1.140(0.140)
    1 1.140(0.140)
    1 1.140(0.140)
    1 1.140(0.140)
    1 1.140(0.140)
    1 1.140(0.140)
    1 1.140(0.140)
    1 1.140(0.140)
    1 1.140(0.140)
    1 1.140(0.140)
    1 1.140(0.140)
    1 1.140(0.140)
    1 1.140(0.140)
    1 1.140(0.140)
    1 1.140(0.140)
    1 1.140(0.140)
    5 4.915(-0.085)
    4 4.132(0.132)
    5 4.890(-0.110)
    5 4.953(-0.047)
    5 4.546(-0.454)
    5 4.717(-0.283)
    5 4.979(-0.021)
    1 1.522(0.522)
    3 3.143(0.143)
    5 5.000(0.000)
    5 4.957(-0.043)
    5 4.919(-0.081)
    3 3.040(0.040)
    4 3.726(-0.274)
    4 3.862(-0.138)
    4 3.958(-0.042)
    4 3.943(-0.057)
    5 4.807(-0.193)
    3 3.051(0.051)
    3 3.051(0.051)
    3 3.106(0.106)
    3 3.055(0.055)
    5 4.890(-0.110)
    5 4.747(-0.253)
    5 5.000(0.000)
    5 4.953(-0.047)
    5 4.747(-0.253)
    5 5.000(0.000)
    5 4.890(-0.110)
    5 4.819(-0.181)
    5 4.012(-0.988)
    5 4.640(-0.360)
    5 4.696(-0.304)
    5 4.965(-0.035)
    5 5.000(0.000)
    2 2.193(0.193)
    2 1.865(-0.135)
    2 2.015(0.015)
    2 2.193(0.193)
    2 1.711(-0.289)
    2 2.140(0.140)
    2 2.016(0.016)
    2 2.193(0.193)
    2 2.332(0.332)
    2 1.711(-0.289)
    2 2.360(0.360)
    5 4.890(-0.110)
    5 4.796(-0.204)
    5 4.525(-0.475)
    5 5.000(0.000)
    5 5.000(0.000)
    1 1.052(0.052)
    1 1.140(0.140)
    1 1.337(0.337)
    1 1.337(0.337)
    1 1.519(0.519)
    1 0.999(-0.001)
    5 4.454(-0.546)
    5 4.953(-0.047)
    2 2.143(0.143)
    5 4.413(-0.587)
    5 4.903(-0.097)
    5 4.747(-0.253)
    2 2.586(0.586)
    5 4.890(-0.110)
    5 5.000(0.000)
    4 4.023(0.023)
    1 1.140(0.140)
    5 5.000(0.000)
    5 4.953(-0.047)
    4 4.140(0.140)
    5 5.000(0.000)
    5 4.896(-0.104)
    4 4.033(0.033)
    4 4.110(0.110)
    4 3.918(-0.082)
    5 4.909(-0.091)
    4 4.084(0.084)
    5 4.640(-0.360)
    5 4.390(-0.610)
    2 2.140(0.140)
    2 2.173(0.173)
    2 1.940(-0.060)
    2 2.485(0.485)
    2 2.193(0.193)
    2 2.160(0.160)
    5 4.803(-0.197)
    5 4.678(-0.322)
    5 4.760(-0.240)
    5 4.679(-0.321)
    5 4.340(-0.660)
    5 4.484(-0.516)
    5 4.678(-0.322)
    5 4.727(-0.273)
    5 4.787(-0.213)
    5 4.390(-0.610)
    5 4.621(-0.379)
    5 4.848(-0.152)
    4 4.140(0.140)
    5 4.623(-0.377)
    3 3.110(0.110)
    5 4.569(-0.431)
    5 5.000(0.000)
    5 4.940(-0.060)
    4 4.131(0.131)
    5 4.801(-0.199)
    5 4.822(-0.178)
    5 4.843(-0.157)
    5 5.000(0.000)
    5 5.000(0.000)
    5 4.546(-0.454)
    2 1.940(-0.060)
    2 2.003(0.003)
    2 2.140(0.140)
    2 2.040(0.040)
    2 1.923(-0.077)
    2 2.074(0.074)
    2 2.140(0.140)
    2 2.003(0.003)
    2 2.181(0.181)
    2 2.074(0.074)
    2 2.046(0.046)
    5 5.000(0.000)
    5 4.607(-0.393)
    5 4.940(-0.060)
    5 4.823(-0.177)
    5 5.000(0.000)
    5 5.000(0.000)
    5 5.000(0.000)
    5 5.000(0.000)
    5 5.000(0.000)
    5 5.000(0.000)
    5 5.000(0.000)
    5 4.703(-0.297)
    5 5.000(0.000)
    5 5.000(0.000)
    5 5.000(0.000)
    5 5.000(0.000)
    5 5.000(0.000)
    5 5.000(0.000)
    5 5.000(0.000)
    5 5.000(0.000)
    5 4.395(-0.605)
    3 3.136(0.136)
    5 4.344(-0.656)
    5 4.373(-0.627)
    5 4.723(-0.277)
    5 4.990(-0.010)
    5 5.000(0.000)
    4 4.485(0.485)
    5 5.000(0.000)
    4 4.068(0.068)
    4 4.010(0.010)
    4 3.682(-0.318)
    5 5.000(0.000)
    5 4.569(-0.431)
    5 4.776(-0.224)
    5 5.000(0.000)
    5 4.968(-0.032)
    4 3.671(-0.329)
    2 2.334(0.334)
    5 4.547(-0.453)
    4 3.940(-0.060)
    3 3.175(0.175)
    4 3.957(-0.043)
    5 4.466(-0.534)
    5 4.602(-0.398)
    5 4.506(-0.494)
    2 2.413(0.413)
    3 3.166(0.166)
    4 4.082(0.082)
    5 4.793(-0.207)
    5 4.640(-0.360)
    5 4.685(-0.315)
    5 4.247(-0.753)
    5 4.813(-0.187)
    5 4.990(-0.010)
    5 4.836(-0.164)
    5 4.723(-0.277)
    5 5.000(0.000)
    5 5.000(0.000)
    5 5.000(0.000)
    5 5.000(0.000)
    5 5.000(0.000)
    5 5.000(0.000)
    5 5.000(0.000)
    5 5.000(0.000)
    5 5.000(0.000)
    5 5.000(0.000)
    5 5.000(0.000)
    4 4.104(0.104)
    4 3.888(-0.112)
    4 3.931(-0.069)
    4 4.140(0.140)
    4 4.104(0.104)
    1 2.150(1.150)
    3 3.472(0.472)
    5 4.890(-0.110)
    2 2.408(0.408)
    5 4.861(-0.139)
    4 4.140(0.140)
    4 4.140(0.140)
    4 3.971(-0.029)
    4 4.140(0.140)
    5 4.660(-0.340)
    5 4.269(-0.731)
    5 4.640(-0.360)
    1 2.629(1.629)
    1 1.341(0.341)
    5 4.832(-0.168)
    5 5.000(0.000)
    5 5.000(0.000)
    5 4.873(-0.127)
    5 4.823(-0.177)
    5 4.873(-0.127)
    5 5.000(0.000)
    5 5.000(0.000)
    5 5.000(0.000)
    5 5.000(0.000)
    4 3.815(-0.185)
    4 3.985(-0.015)
    3 3.391(0.391)
    3 2.943(-0.057)
    2 2.929(0.929)
    4 4.143(0.143)
    5 4.237(-0.763)
    4 3.834(-0.166)
    1 1.771(0.771)
    5 4.650(-0.350)
    5 5.000(0.000)
    2 2.898(0.898)
    5 4.169(-0.831)
    1 1.820(0.820)
    1 1.802(0.802)
    1 1.660(0.660)
    4 4.039(0.039)
    4 3.819(-0.181)
    4 3.902(-0.098)
    4 3.931(-0.069)
    4 3.902(-0.098)
    4 3.931(-0.069)
    4 4.104(0.104)
    4 4.104(0.104)
    4 4.057(0.057)
    4 4.057(0.057)
    4 4.078(0.078)
    4 4.057(0.057)
    4 4.160(0.160)
    5 4.369(-0.631)
    4 4.074(0.074)
    4 3.954(-0.046)
    5 4.352(-0.648)
    4 3.992(-0.008)
    4 3.877(-0.123)
    5 4.228(-0.772)
    3 3.795(0.795)
    4 3.945(-0.055)
    5 4.557(-0.443)
    5 4.360(-0.640)
    5 4.428(-0.572)
    4 4.071(0.071)
    4 3.890(-0.110)
    3 3.253(0.253)
    5 4.437(-0.563)
    3 3.117(0.117)
    3 3.315(0.315)
    5 4.650(-0.350)
    2 2.033(0.033)
    2 1.969(-0.031)
    2 1.975(-0.025)
    2 2.181(0.181)
    4 3.731(-0.269)
    4 4.057(0.057)
    4 4.095(0.095)
    4 4.029(0.029)
    4 3.888(-0.112)
    4 3.985(-0.015)
    4 4.140(0.140)
    4 3.865(-0.135)
    4 3.973(-0.027)
    5 5.000(0.000)
    5 5.000(0.000)
    5 5.000(0.000)
    5 5.000(0.000)
    5 5.000(0.000)
    5 5.000(0.000)
    5 4.990(-0.010)
    5 5.000(0.000)
    5 5.000(0.000)
    5 5.000(0.000)
    5 5.000(0.000)
    5 5.000(0.000)
    4 3.947(-0.053)
    4 3.973(-0.027)
    4 3.837(-0.163)
    4 3.900(-0.100)
    4 3.886(-0.114)
    4 3.965(-0.035)
    5 4.697(-0.303)
    4 4.125(0.125)
    3 3.133(0.133)
    5 4.222(-0.778)
    4 4.140(0.140)
    4 4.042(0.042)
    4 4.135(0.135)
    4 4.054(0.054)
    4 4.140(0.140)
    4 3.819(-0.181)
    4 3.981(-0.019)
    4 3.935(-0.065)
    4 4.140(0.140)
    4 4.060(0.060)
    4 4.104(0.104)
    4 3.990(-0.010)
    5 4.527(-0.473)
    3 3.110(0.110)
    3 3.416(0.416)
    5 4.161(-0.839)
    4 3.988(-0.012)
    4 3.953(-0.047)
    4 4.040(0.040)
    4 4.098(0.098)
    4 4.040(0.040)
    4 3.943(-0.057)
    4 4.160(0.160)
    5 5.000(0.000)
    5 4.045(-0.955)
    5 4.539(-0.461)
    5 4.990(-0.010)
    2 2.360(0.360)
    4 3.981(-0.019)
    3 3.737(0.737)
    5 4.241(-0.759)
    2 2.193(0.193)
    2 2.193(0.193)
    2 1.940(-0.060)
    2 2.193(0.193)
    2 2.140(0.140)
    2 2.140(0.140)
    2 2.140(0.140)
    2 2.193(0.193)
    2 2.193(0.193)
    2 2.193(0.193)
    2 2.140(0.140)
    2 1.943(-0.057)
    5 4.854(-0.146)
    5 4.590(-0.410)
    5 3.986(-1.014)
    3 2.956(-0.044)
    3 3.079(0.079)
    3 2.960(-0.040)
    3 3.087(0.087)
    5 4.334(-0.666)
    3 3.032(0.032)
    3 3.177(0.177)
    3 2.877(-0.123)
    3 3.119(0.119)
    5 5.000(0.000)
    4 3.747(-0.253)
    5 4.461(-0.539)
    5 5.000(0.000)
    5 4.586(-0.414)
    4 3.890(-0.110)
    4 3.931(-0.069)
    5 4.819(-0.181)
    1 1.140(0.140)
    5 4.940(-0.060)
    5 4.953(-0.047)
    5 4.708(-0.292)
    5 4.505(-0.495)
    5 5.000(0.000)
    5 5.000(0.000)
    5 4.765(-0.235)
    4 4.060(0.060)
    5 5.000(0.000)
    4 3.902(-0.098)
    4 3.723(-0.277)
    4 4.277(0.277)
    4 3.902(-0.098)
    4 3.984(-0.016)
    4 4.057(0.057)
    4 4.078(0.078)
    4 3.916(-0.084)
    4 4.065(0.065)
    4 3.985(-0.015)
    4 4.104(0.104)
    4 4.048(0.048)
    4 4.006(0.006)
    4 3.890(-0.110)
    4 4.040(0.040)
    4 3.890(-0.110)
    4 3.956(-0.044)
    4 3.790(-0.210)
    4 3.888(-0.112)
    4 4.026(0.026)
    4 3.990(-0.010)
    4 3.557(-0.443)
    4 4.040(0.040)
    4 4.057(0.057)
    4 4.140(0.140)
    4 4.235(0.235)
    4 4.140(0.140)
    4 3.985(-0.015)
    4 4.140(0.140)
    4 4.078(0.078)
    4 4.140(0.140)
    4 3.990(-0.010)
    4 4.048(0.048)
    3 3.331(0.331)
    2 2.336(0.336)
    5 4.448(-0.552)
    4 3.994(-0.006)
    4 3.765(-0.235)
    5 4.511(-0.489)
    5 4.953(-0.047)
    5 4.890(-0.110)
    3 3.554(0.554)
    5 4.561(-0.439)
    1 1.140(0.140)
    1 1.140(0.140)
    1 1.140(0.140)
    1 1.140(0.140)
    1 1.140(0.140)
    1 1.140(0.140)
    1 1.140(0.140)
    1 1.140(0.140)
    1 1.173(0.173)
    1 1.140(0.140)
    1 1.140(0.140)
    1 1.140(0.140)
    5 5.000(0.000)
    5 4.796(-0.204)
    5 4.569(-0.431)
    5 5.000(0.000)
    5 5.000(0.000)
    5 5.000(0.000)
    5 5.000(0.000)
    5 5.000(0.000)
    5 5.000(0.000)
    5 5.000(0.000)
    5 5.000(0.000)
    5 5.000(0.000)
    5 4.410(-0.590)
    5 4.375(-0.625)
    5 4.640(-0.360)
    2 2.262(0.262)
    1 1.431(0.431)
    1 1.477(0.477)
    1 1.587(0.587)
    4 3.862(-0.138)
    1 1.587(0.587)
    5 4.459(-0.541)
    4 4.090(0.090)
    1 2.627(1.627)
    4 4.073(0.073)
    4 3.890(-0.110)
    5 4.990(-0.010)
    5 5.000(0.000)
    5 5.000(0.000)
    5 5.000(0.000)
    5 5.000(0.000)
    5 5.000(0.000)
    5 5.000(0.000)
    5 5.000(0.000)
    5 5.000(0.000)
    5 5.000(0.000)
    5 5.000(0.000)
    5 5.000(0.000)
    5 4.832(-0.168)
    5 4.588(-0.412)
    5 4.975(-0.025)
    5 4.816(-0.184)
    4 4.110(0.110)
    4 4.110(0.110)
    4 4.110(0.110)
    4 4.110(0.110)
    4 4.110(0.110)
    5 4.628(-0.372)
    5 4.720(-0.280)
    5 4.708(-0.292)
    5 4.785(-0.215)
    5 5.000(0.000)
    5 5.000(0.000)
    5 5.000(0.000)
    5 5.000(0.000)
    5 5.000(0.000)
    5 5.000(0.000)
    5 5.000(0.000)
    5 5.000(0.000)
    5 5.000(0.000)
    5 5.000(0.000)
    5 5.000(0.000)
    5 5.000(0.000)
    4 4.124(0.124)
    2 2.610(0.610)
    3 3.220(0.220)
    5 4.620(-0.380)
    5 5.000(0.000)
    5 4.607(-0.393)
    5 4.844(-0.156)
    5 5.000(0.000)
    5 4.980(-0.020)
    5 4.715(-0.285)
    5 4.976(-0.024)
    5 5.000(0.000)
    5 4.997(-0.003)
    5 4.980(-0.020)
    5 5.000(0.000)
    3 3.826(0.826)
    4 3.871(-0.129)
    5 4.489(-0.511)
    4 3.935(-0.065)
    2 2.809(0.809)
    5 4.390(-0.610)
    3 3.188(0.188)
    5 4.765(-0.235)
    5 4.440(-0.560)
    4 3.973(-0.027)
    5 4.765(-0.235)
    3 2.917(-0.083)
    3 2.937(-0.063)
    3 3.289(0.289)
    1 1.140(0.140)
    5 4.340(-0.660)
    5 4.776(-0.224)
    5 4.520(-0.480)
    5 4.569(-0.431)
    5 4.696(-0.304)
    5 4.832(-0.168)
    5 5.000(0.000)
    5 4.679(-0.321)
    5 5.000(0.000)
    5 5.000(0.000)
    5 4.740(-0.260)
    5 4.565(-0.435)
    4 4.062(0.062)
    5 4.864(-0.136)
    5 4.595(-0.405)
    5 4.685(-0.315)
    5 4.869(-0.131)
    5 4.290(-0.710)
    4 4.217(0.217)
    4 3.971(-0.029)
    4 4.029(0.029)
    4 4.260(0.260)
    4 3.985(-0.015)
    4 4.140(0.140)
    4 4.110(0.110)
    4 4.057(0.057)
    5 4.533(-0.467)
    4 3.937(-0.063)
    2 2.193(0.193)
    5 4.313(-0.687)
    2 2.678(0.678)
    4 4.035(0.035)
    5 5.000(0.000)
    5 4.307(-0.693)
    5 4.288(-0.712)
    5 4.592(-0.408)
    5 4.630(-0.370)
    5 4.801(-0.199)
    5 4.744(-0.256)
    5 4.682(-0.318)
    3 3.131(0.131)
    4 3.890(-0.110)
    5 4.461(-0.539)
    5 4.708(-0.292)
    4 3.938(-0.062)
    5 4.854(-0.146)
    4 4.046(0.046)
    1 1.140(0.140)
    5 4.324(-0.676)
    5 5.000(0.000)
    5 5.000(0.000)
    5 5.000(0.000)
    5 5.000(0.000)
    5 5.000(0.000)
    5 5.000(0.000)
    5 5.000(0.000)
    5 5.000(0.000)
    5 5.000(0.000)
    5 5.000(0.000)
    5 5.000(0.000)
    5 5.000(0.000)
    5 5.000(0.000)
    5 5.000(0.000)
    5 5.000(0.000)
    5 5.000(0.000)
    5 5.000(0.000)
    5 5.000(0.000)
    5 5.000(0.000)
    5 5.000(0.000)
    5 5.000(0.000)
    5 5.000(0.000)
    5 5.000(0.000)
    5 5.000(0.000)
    5 5.000(0.000)
    4 3.619(-0.381)
    5 4.154(-0.846)
    5 4.201(-0.799)
    3 3.445(0.445)
    3 3.370(0.370)
    2 2.844(0.844)
    2 1.943(-0.057)
    5 4.758(-0.242)
    5 4.528(-0.472)
    3 3.140(0.140)
    5 5.000(0.000)
    5 5.000(0.000)
    5 4.926(-0.074)
    5 4.546(-0.454)
    5 4.819(-0.181)
    5 4.396(-0.604)
    5 4.574(-0.426)
    5 4.380(-0.620)
    5 4.703(-0.297)
    5 4.460(-0.540)
    5 4.890(-0.110)
    5 4.740(-0.260)
    4 4.048(0.048)
    4 4.060(0.060)
    2 2.286(0.286)
    3 3.211(0.211)
    5 4.490(-0.510)
    4 3.985(-0.015)
    3 3.576(0.576)
    5 4.682(-0.318)
    5 5.000(0.000)
    5 5.000(0.000)
    5 4.390(-0.610)
    5 4.890(-0.110)
    5 4.747(-0.253)
    4 3.902(-0.098)
    5 4.592(-0.408)
    5 4.967(-0.033)
    5 4.747(-0.253)
    5 4.944(-0.056)
    3 3.457(0.457)
    5 4.823(-0.177)
    5 4.530(-0.470)
    5 4.341(-0.659)
    4 4.011(0.011)
    5 4.776(-0.224)
    5 4.483(-0.517)
    5 5.000(0.000)
    3 3.360(0.360)
    4 4.001(0.001)
    5 4.572(-0.428)
    4 4.055(0.055)
    2 2.071(0.071)
    5 5.000(0.000)
    5 5.000(0.000)
    5 5.000(0.000)
    5 5.000(0.000)
    5 4.890(-0.110)
    5 5.000(0.000)
    5 4.890(-0.110)
    5 4.640(-0.360)
    5 5.000(0.000)
    5 5.000(0.000)
    5 4.231(-0.769)
    5 4.914(-0.086)
    5 4.833(-0.167)
    4 4.045(0.045)
    5 4.371(-0.629)
    3 3.058(0.058)
    3 3.055(0.055)
    3 3.360(0.360)
    4 4.158(0.158)
    5 5.000(0.000)
    4 4.047(0.047)
    5 4.918(-0.082)
    1 1.360(0.360)
    5 4.354(-0.646)
    4 3.823(-0.177)
    5 4.878(-0.122)
    5 4.606(-0.394)
    2 2.193(0.193)
    2 2.081(0.081)
    2 1.944(-0.056)
    2 2.193(0.193)
    2 1.940(-0.060)
    2 2.193(0.193)
    2 2.063(0.063)
    2 2.081(0.081)
    2 2.140(0.140)
    2 1.982(-0.018)
    2 2.003(0.003)
    2 2.140(0.140)
    2 1.997(-0.003)
    2 1.837(-0.163)
    2 2.193(0.193)
    2 1.890(-0.110)
    2 2.091(0.091)
    2 1.890(-0.110)
    2 1.801(-0.199)
    2 1.890(-0.110)
    2 2.003(0.003)
    2 2.036(0.036)
    2 1.927(-0.073)
    2 2.048(0.048)
    2 2.023(0.023)
    2 2.036(0.036)
    2 1.971(-0.029)
    2 2.140(0.140)
    2 1.890(-0.110)
    2 2.272(0.272)
    2 1.711(-0.289)
    2 1.997(-0.003)
    2 1.757(-0.243)
    2 2.140(0.140)
    4 3.926(-0.074)
    4 3.926(-0.074)
    4 4.033(0.033)
    4 3.890(-0.110)
    4 4.010(0.010)
    4 3.891(-0.109)
    4 3.848(-0.152)
    4 4.048(0.048)
    4 4.057(0.057)
    4 3.931(-0.069)
    4 4.027(0.027)
    4 3.985(-0.015)
    5 4.441(-0.559)
    3 2.875(-0.125)
    5 4.594(-0.406)
    5 4.519(-0.481)
    5 4.706(-0.294)
    5 4.771(-0.229)
    5 4.348(-0.652)
    2 2.140(0.140)
    2 2.384(0.384)
    1 1.140(0.140)
    2 2.140(0.140)
    1 1.664(0.664)
    2 2.193(0.193)
    5 5.000(0.000)
    5 4.781(-0.219)
    5 4.498(-0.502)
    4 4.223(0.223)
    5 4.915(-0.085)
    5 4.776(-0.224)
    5 4.325(-0.675)
    5 3.839(-1.161)
    5 4.843(-0.157)
    4 3.907(-0.093)
    4 3.959(-0.041)
    1 1.785(0.785)
    1 1.767(0.767)
    5 4.400(-0.600)
    5 4.861(-0.139)
    5 4.801(-0.199)
    2 2.428(0.428)
    5 4.740(-0.260)
    5 4.865(-0.135)
    4 4.140(0.140)
    4 4.057(0.057)
    4 3.984(-0.016)
    4 3.954(-0.046)
    4 3.954(-0.046)
    4 3.913(-0.087)
    4 4.140(0.140)
    4 3.931(-0.069)
    4 3.990(-0.010)
    4 3.916(-0.084)
    4 4.104(0.104)
    4 3.946(-0.054)
    4 3.984(-0.016)
    4 3.943(-0.057)
    4 3.807(-0.193)
    4 3.497(-0.503)
    4 4.193(0.193)
    4 3.888(-0.112)
    5 4.687(-0.313)
    5 4.340(-0.660)
    1 1.757(0.757)
    5 4.422(-0.578)
    5 4.049(-0.951)
    5 4.210(-0.790)
    5 4.940(-0.060)
    5 4.511(-0.489)
    5 4.471(-0.529)
    5 5.000(0.000)
    4 3.780(-0.220)
    3 3.014(0.014)
    5 3.973(-1.027)
    4 3.530(-0.470)
    1 1.140(0.140)
    1 1.360(0.360)
    5 4.990(-0.010)
    4 4.078(0.078)
    2 2.582(0.582)
    3 3.158(0.158)
    5 4.890(-0.110)
    3 3.090(0.090)
    4 4.057(0.057)
    3 2.819(-0.181)
    4 4.048(0.048)
    4 4.015(0.015)
    5 5.000(0.000)
    5 4.515(-0.485)
    5 5.000(0.000)
    5 5.000(0.000)
    5 5.000(0.000)
    5 4.744(-0.256)
    5 5.000(0.000)
    5 4.990(-0.010)
    5 4.843(-0.157)
    5 4.801(-0.199)
    5 4.728(-0.272)
    3 3.110(0.110)
    3 3.109(0.109)
    3 3.341(0.341)
    3 3.040(0.040)
    5 5.000(0.000)
    5 4.823(-0.177)
    5 4.935(-0.065)
    3 3.245(0.245)
    5 5.000(0.000)
    1 2.220(1.220)
    5 4.434(-0.566)
    4 3.887(-0.113)
    2 2.140(0.140)
    2 1.910(-0.090)
    2 2.069(0.069)
    2 1.807(-0.193)
    2 2.181(0.181)
    2 1.807(-0.193)
    2 2.485(0.485)
    2 1.923(-0.077)
    2 2.140(0.140)
    2 1.940(-0.060)
    2 1.940(-0.060)
    2 2.493(0.493)
    2 2.636(0.636)
    5 4.344(-0.656)
    5 4.390(-0.610)
    2 2.539(0.539)
    4 4.193(0.193)
    5 4.953(-0.047)
    5 5.000(0.000)
    5 5.000(0.000)
    4 4.060(0.060)
    5 5.000(0.000)
    1 1.110(0.110)
    5 4.593(-0.407)
    1 1.527(0.527)
    1 1.224(0.224)
    2 2.140(0.140)
    4 4.110(0.110)
    4 3.723(-0.277)
    4 4.110(0.110)
    4 4.110(0.110)
    4 4.110(0.110)
    4 4.110(0.110)
    4 3.740(-0.260)
    5 4.640(-0.360)
    5 4.453(-0.547)
    5 5.000(0.000)
    5 4.542(-0.458)
    5 5.000(0.000)
    5 4.982(-0.018)
    5 4.700(-0.300)
    5 4.765(-0.235)
    5 5.000(0.000)
    5 4.890(-0.110)
    3 3.193(0.193)
    5 4.990(-0.010)
    4 4.040(0.040)
    5 4.880(-0.120)
    5 5.000(0.000)
    5 5.000(0.000)
    5 4.950(-0.050)
    5 5.000(0.000)
    5 4.950(-0.050)
    1 1.579(0.579)
    3 3.884(0.884)
    5 3.854(-1.146)
    1 1.087(0.087)
    5 4.659(-0.341)
    5 4.457(-0.543)
    5 4.202(-0.798)
    5 5.000(0.000)
    4 4.094(0.094)
    5 4.683(-0.317)
    4 3.754(-0.246)
    3 3.336(0.336)
    4 4.070(0.070)
    2 2.193(0.193)
    2 1.940(-0.060)
    2 1.879(-0.121)
    2 1.997(-0.003)
    2 1.951(-0.049)
    2 2.063(0.063)
    2 2.091(0.091)
    2 1.938(-0.062)
    2 2.398(0.398)
    2 2.060(0.060)
    2 2.091(0.091)
    2 1.951(-0.049)
    1 1.140(0.140)
    1 1.140(0.140)
    1 1.140(0.140)
    1 1.140(0.140)
    1 1.140(0.140)
    1 1.140(0.140)
    1 1.140(0.140)
    1 1.140(0.140)
    1 1.140(0.140)
    1 1.140(0.140)
    1 1.140(0.140)
    4 4.090(0.090)
    4 3.875(-0.125)
    4 3.973(-0.027)
    4 4.022(0.022)
    4 4.102(0.102)
    4 3.938(-0.062)
    4 3.973(-0.027)
    4 4.010(0.010)
    4 4.008(0.008)
    4 4.039(0.039)
    4 3.939(-0.061)
    3 3.068(0.068)
    4 4.313(0.313)
    1 1.337(0.337)
    3 3.048(0.048)
    1 2.044(1.044)
    5 4.765(-0.235)
    5 4.533(-0.467)
    5 4.537(-0.463)
    5 4.571(-0.429)
    5 4.353(-0.647)
    4 4.020(0.020)
    2 3.080(1.080)
    1 2.411(1.411)
    5 5.000(0.000)
    5 4.776(-0.224)
    5 4.696(-0.304)
    5 5.000(0.000)
    5 4.990(-0.010)
    5 5.000(0.000)
    5 5.000(0.000)
    1 1.140(0.140)
    1 1.140(0.140)
    1 1.185(0.185)
    1 1.140(0.140)
    1 1.140(0.140)
    1 1.140(0.140)
    1 1.140(0.140)
    1 1.140(0.140)
    1 1.140(0.140)
    1 1.140(0.140)
    1 1.140(0.140)
    1 1.224(0.224)
    1 1.140(0.140)
    5 4.776(-0.224)
    5 4.728(-0.272)
    5 4.905(-0.095)
    5 4.874(-0.126)
    5 4.740(-0.260)
    4 4.123(0.123)
    4 3.953(-0.047)
    4 4.062(0.062)
    4 4.140(0.140)
    4 4.104(0.104)
    4 4.005(0.005)
    4 4.074(0.074)
    4 3.985(-0.015)
    4 3.961(-0.039)
    4 4.040(0.040)
    4 3.819(-0.181)
    4 3.875(-0.125)
    4 3.985(-0.015)
    4 4.062(0.062)
    4 3.834(-0.166)
    4 4.037(0.037)
    4 3.857(-0.143)
    4 4.026(0.026)
    4 3.723(-0.277)
    4 4.057(0.057)
    4 3.890(-0.110)
    4 4.140(0.140)
    4 3.943(-0.057)
    4 4.140(0.140)
    4 3.919(-0.081)
    4 3.977(-0.023)
    4 4.015(0.015)
    4 4.082(0.082)
    4 4.140(0.140)
    4 3.928(-0.072)
    4 4.104(0.104)
    4 3.875(-0.125)
    1 1.660(0.660)
    4 3.578(-0.422)
    1 1.298(0.298)
    1 2.638(1.638)
    4 3.928(-0.072)
    1 1.839(0.839)
    4 3.723(-0.277)
    4 4.110(0.110)
    4 4.110(0.110)
    4 4.235(0.235)
    4 4.110(0.110)
    4 4.037(0.037)
    5 4.495(-0.505)
    3 3.369(0.369)
    3 3.348(0.348)
    5 4.557(-0.443)
    4 4.099(0.099)
    2 2.224(0.224)
    5 4.953(-0.047)
    5 4.631(-0.369)
    5 4.822(-0.178)
    5 4.744(-0.256)
    5 4.683(-0.317)
    5 4.315(-0.685)
    5 5.000(0.000)
    5 4.689(-0.311)
    3 3.110(0.110)
    2 2.110(0.110)
    5 4.817(-0.183)
    5 4.890(-0.110)
    5 5.000(0.000)
    5 5.000(0.000)
    5 4.569(-0.431)
    2 2.408(0.408)
    4 4.033(0.033)
    4 3.531(-0.469)
    4 3.968(-0.032)
    4 4.083(0.083)
    1 1.360(0.360)
    4 3.935(-0.065)
    4 3.971(-0.029)
    1 1.221(0.221)
    5 4.640(-0.360)
    1 1.802(0.802)
    3 3.173(0.173)
    5 4.905(-0.095)
    5 4.271(-0.729)
    4 4.060(0.060)
    5 4.783(-0.217)
    5 4.703(-0.297)
    5 4.612(-0.388)
    5 3.926(-1.074)
    5 5.000(0.000)
    5 5.000(0.000)
    5 5.000(0.000)
    5 5.000(0.000)
    5 5.000(0.000)
    5 5.000(0.000)
    5 5.000(0.000)
    5 5.000(0.000)
    5 5.000(0.000)
    5 5.000(0.000)
    5 5.000(0.000)
    5 5.000(0.000)
    5 5.000(0.000)
    5 5.000(0.000)
    5 5.000(0.000)
    5 5.000(0.000)
    5 5.000(0.000)
    5 5.000(0.000)
    5 5.000(0.000)
    5 5.000(0.000)
    5 5.000(0.000)
    5 5.000(0.000)
    5 5.000(0.000)
    5 5.000(0.000)
    5 5.000(0.000)
    5 4.640(-0.360)
    5 5.000(0.000)
    5 5.000(0.000)
    5 5.000(0.000)
    5 5.000(0.000)
    5 5.000(0.000)
    5 5.000(0.000)
    5 5.000(0.000)
    5 5.000(0.000)
    5 5.000(0.000)
    5 5.000(0.000)
    5 5.000(0.000)
    5 4.390(-0.610)
    5 4.188(-0.812)
    5 4.461(-0.539)
    5 4.557(-0.443)
    5 5.000(0.000)
    5 4.864(-0.136)
    1 1.140(0.140)
    1 1.140(0.140)
    1 1.140(0.140)
    1 1.140(0.140)
    1 1.140(0.140)
    1 1.140(0.140)
    5 5.000(0.000)
    5 4.807(-0.193)
    5 4.832(-0.168)
    5 5.000(0.000)
    5 5.000(0.000)
    5 4.776(-0.224)
    5 5.000(0.000)
    5 5.000(0.000)
    5 5.000(0.000)
    5 4.832(-0.168)
    5 5.000(0.000)
    5 4.873(-0.127)
    5 5.000(0.000)
    5 5.000(0.000)
    4 3.979(-0.021)
    5 4.929(-0.071)
    5 5.000(0.000)
    5 4.854(-0.146)
    5 4.890(-0.110)
    5 5.000(0.000)
    5 5.000(0.000)
    5 5.000(0.000)
    5 4.905(-0.095)
    5 5.000(0.000)
    5 4.873(-0.127)
    5 4.854(-0.146)
    5 4.696(-0.304)
    5 5.000(0.000)
    5 4.890(-0.110)
    5 4.873(-0.127)
    5 5.000(0.000)
    5 5.000(0.000)
    5 4.905(-0.095)
    5 4.918(-0.082)
    5 4.057(-0.943)
    5 4.796(-0.204)
    1 2.267(1.267)
    5 5.000(0.000)
    5 5.000(0.000)
    5 5.000(0.000)
    5 5.000(0.000)
    5 5.000(0.000)
    5 4.890(-0.110)
    5 5.000(0.000)
    5 5.000(0.000)
    5 5.000(0.000)
    5 5.000(0.000)
    5 5.000(0.000)
    5 5.000(0.000)
    3 3.136(0.136)
    3 3.033(0.033)
    3 3.057(0.057)
    3 2.891(-0.109)
    3 3.070(0.070)
    5 5.000(0.000)
    5 5.000(0.000)
    5 5.000(0.000)
    5 5.000(0.000)
    5 5.000(0.000)
    5 4.719(-0.281)
    5 4.640(-0.360)
    5 4.823(-0.177)
    5 4.719(-0.281)
    5 4.890(-0.110)
    5 5.000(0.000)
    5 5.000(0.000)
    5 4.876(-0.124)
    5 4.508(-0.492)
    5 4.918(-0.082)
    5 5.000(0.000)
    5 4.665(-0.335)
    5 5.000(0.000)
    5 5.000(0.000)
    1 2.262(1.262)
    5 4.238(-0.762)
    4 4.119(0.119)
    5 4.525(-0.475)
    5 4.929(-0.071)
    5 4.647(-0.353)
    5 4.807(-0.193)
    5 4.696(-0.304)
    5 4.669(-0.331)
    5 4.669(-0.331)
    5 4.508(-0.492)
    5 4.696(-0.304)
    5 4.696(-0.304)
    5 4.929(-0.071)
    5 4.469(-0.531)
    5 4.918(-0.082)
    5 4.584(-0.416)
    5 5.000(0.000)
    5 4.461(-0.539)
    5 5.000(0.000)
    3 3.065(0.065)
    5 4.659(-0.341)
    1 1.668(0.668)
    5 5.000(0.000)
    5 5.000(0.000)
    5 5.000(0.000)
    5 5.000(0.000)
    5 5.000(0.000)
    5 5.000(0.000)
    5 5.000(0.000)
    5 5.000(0.000)
    5 5.000(0.000)
    5 4.740(-0.260)
    5 5.000(0.000)
    4 3.985(-0.015)
    4 4.152(0.152)
    5 4.772(-0.228)
    2 2.310(0.310)
    3 2.993(-0.007)
    4 3.793(-0.207)
    4 3.926(-0.074)
    4 3.838(-0.162)
    5 5.000(0.000)
    3 3.077(0.077)
    5 4.331(-0.669)
    4 4.035(0.035)
    4 4.046(0.046)
    4 3.937(-0.063)
    4 4.076(0.076)
    5 4.530(-0.470)
    5 4.348(-0.652)
    5 5.000(0.000)
    5 4.935(-0.065)
    5 4.572(-0.428)
    5 4.390(-0.610)
    5 5.000(0.000)
    5 4.953(-0.047)
    5 5.000(0.000)
    5 5.000(0.000)
    1 1.140(0.140)
    1 1.140(0.140)
    1 1.660(0.660)
    1 1.660(0.660)
    1 1.304(0.304)
    5 5.000(0.000)
    5 5.000(0.000)
    5 5.000(0.000)
    5 4.834(-0.166)
    5 5.000(0.000)
    5 5.000(0.000)
    5 5.000(0.000)
    5 4.765(-0.235)
    5 5.000(0.000)
    5 5.000(0.000)
    5 5.000(0.000)
    5 5.000(0.000)
    5 5.000(0.000)
    5 4.990(-0.010)
    5 5.000(0.000)
    5 5.000(0.000)
    3 3.140(0.140)
    3 2.925(-0.075)
    3 2.967(-0.033)
    3 2.972(-0.028)
    3 3.029(0.029)
    5 4.557(-0.443)
    5 4.671(-0.329)
    1 1.360(0.360)
    5 4.540(-0.460)
    3 2.854(-0.146)
    5 4.640(-0.360)
    5 5.000(0.000)
    5 4.890(-0.110)
    5 4.473(-0.527)
    5 5.000(0.000)
    5 4.563(-0.437)
    5 5.000(0.000)
    5 5.000(0.000)
    5 5.000(0.000)
    5 5.000(0.000)
    5 5.000(0.000)
    5 5.000(0.000)
    5 5.000(0.000)
    5 5.000(0.000)
    5 5.000(0.000)
    5 5.000(0.000)
    5 5.000(0.000)
    5 3.888(-1.112)
    1 1.431(0.431)
    5 4.317(-0.683)
    1 1.660(0.660)
    4 4.098(0.098)
    5 4.915(-0.085)
    5 5.000(0.000)
    5 4.747(-0.253)
    5 4.495(-0.505)
    5 4.822(-0.178)
    5 4.473(-0.527)
    5 5.000(0.000)
    5 5.000(0.000)
    5 5.000(0.000)
    5 4.776(-0.224)
    5 4.832(-0.168)
    5 5.000(0.000)
    5 5.000(0.000)
    5 5.000(0.000)
    5 4.776(-0.224)
    5 4.390(-0.610)
    5 4.668(-0.332)
    5 4.775(-0.225)
    3 3.187(0.187)
    5 4.544(-0.456)
    5 4.792(-0.208)
    5 4.679(-0.321)
    5 5.000(0.000)
    4 3.907(-0.093)
    5 4.717(-0.283)
    4 4.059(0.059)
    4 3.854(-0.146)
    4 4.295(0.295)
    5 4.678(-0.322)
    5 4.616(-0.384)
    4 3.962(-0.038)
    5 5.000(0.000)
    5 4.926(-0.074)
    5 5.000(0.000)
    5 4.911(-0.089)
    5 4.801(-0.199)
    4 3.910(-0.090)
    4 4.110(0.110)
    4 3.990(-0.010)
    4 3.954(-0.046)
    4 4.104(0.104)
    4 4.110(0.110)
    4 4.104(0.104)
    4 3.954(-0.046)
    4 4.110(0.110)
    4 4.110(0.110)
    4 4.204(0.204)
    4 4.204(0.204)
    4 4.110(0.110)
    5 4.696(-0.304)
    5 4.678(-0.322)
    5 4.807(-0.193)
    5 5.000(0.000)
    5 4.823(-0.177)
    5 4.654(-0.346)
    5 4.890(-0.110)
    5 4.898(-0.102)
    5 4.683(-0.317)
    5 4.547(-0.453)
    5 5.000(0.000)
    5 4.861(-0.139)
    5 4.843(-0.157)
    5 4.890(-0.110)
    4 3.971(-0.029)
    3 3.360(0.360)
    1 1.260(0.260)
    5 5.000(0.000)
    5 4.760(-0.240)
    1 1.140(0.140)
    5 4.669(-0.331)
    5 5.000(0.000)
    5 5.000(0.000)
    5 5.000(0.000)
    5 5.000(0.000)
    5 5.000(0.000)
    5 5.000(0.000)
    5 5.000(0.000)
    5 5.000(0.000)
    5 5.000(0.000)
    5 5.000(0.000)
    5 5.000(0.000)
    5 4.890(-0.110)
    5 4.682(-0.318)
    5 5.000(0.000)
    4 4.069(0.069)
    4 3.910(-0.090)
    5 5.000(0.000)
    5 4.772(-0.228)
    1 1.140(0.140)
    5 4.807(-0.193)
    1 1.140(0.140)
    5 4.749(-0.251)
    5 4.423(-0.577)
    1 1.304(0.304)
    1 1.360(0.360)
    1 1.304(0.304)
    5 5.000(0.000)
    5 5.000(0.000)
    5 4.854(-0.146)
    5 5.000(0.000)
    5 4.801(-0.199)
    5 5.000(0.000)
    5 4.546(-0.454)
    5 5.000(0.000)
    5 5.000(0.000)
    5 4.719(-0.281)
    5 4.727(-0.273)
    3 3.164(0.164)
    5 4.407(-0.593)
    5 4.649(-0.351)
    5 4.466(-0.534)
    2 2.482(0.482)
    4 3.852(-0.148)
    5 4.850(-0.150)
    5 4.399(-0.601)
    5 4.515(-0.485)
    4 4.019(0.019)
    4 3.985(-0.015)
    5 4.385(-0.615)
    4 3.976(-0.024)
    2 2.724(0.724)
    4 4.020(0.020)
    5 4.449(-0.551)
    5 5.000(0.000)
    5 5.000(0.000)
    5 5.000(0.000)
    5 5.000(0.000)
    5 5.000(0.000)
    5 4.890(-0.110)
    5 5.000(0.000)
    5 5.000(0.000)
    5 5.000(0.000)
    5 5.000(0.000)
    5 5.000(0.000)
    5 5.000(0.000)
    5 5.000(0.000)
    5 5.000(0.000)
    5 4.807(-0.193)
    5 5.000(0.000)
    5 5.000(0.000)
    5 5.000(0.000)
    5 5.000(0.000)
    5 5.000(0.000)
    5 5.000(0.000)
    5 5.000(0.000)
    5 5.000(0.000)
    5 5.000(0.000)
    5 4.834(-0.166)
    4 4.128(0.128)
    5 4.640(-0.360)
    3 3.068(0.068)
    5 4.485(-0.515)
    5 4.390(-0.610)
    5 5.000(0.000)
    5 4.890(-0.110)
    5 4.411(-0.589)
    5 4.511(-0.489)
    5 4.614(-0.386)
    5 4.675(-0.325)
    5 4.978(-0.022)
    5 4.688(-0.312)
    4 4.193(0.193)
    5 5.000(0.000)
    5 4.944(-0.056)
    5 5.000(0.000)
    5 5.000(0.000)
    5 5.000(0.000)
    5 5.000(0.000)
    5 4.603(-0.397)
    5 5.000(0.000)
    5 5.000(0.000)
    3 3.131(0.131)
    5 5.000(0.000)
    5 4.696(-0.304)
    5 5.000(0.000)

Average Error: 0.199
Correlation: 0.979
Inversion Count: 664
