    5 4.716(-0.284)
    5 4.720(-0.280)
    5 4.783(-0.217)
    5 4.725(-0.275)
    5 4.188(-0.812)
    5 4.710(-0.290)
    4 4.136(0.136)
    1 1.104(0.104)
    1 1.128(0.128)
    1 1.129(0.129)
    1 1.209(0.209)
    5 4.722(-0.278)
    5 4.591(-0.409)
    4 3.964(-0.036)
    5 5.000(0.000)
    5 3.918(-1.082)
    5 4.759(-0.241)
    5 4.655(-0.345)
    5 4.991(-0.009)
    5 5.000(0.000)
    5 5.000(0.000)
    5 5.000(0.000)
    5 5.000(0.000)
    5 5.000(0.000)
    5 5.000(0.000)
    5 5.000(0.000)
    5 5.000(0.000)
    5 5.000(0.000)
    5 5.000(0.000)
    5 5.000(0.000)
    5 5.000(0.000)
    5 5.000(0.000)
    5 5.000(0.000)
    5 5.000(0.000)
    5 4.903(-0.097)
    5 5.000(0.000)
    5 4.924(-0.076)
    5 5.000(0.000)
    5 4.970(-0.030)
    5 4.988(-0.012)
    5 4.930(-0.070)
    5 5.000(0.000)
    5 4.394(-0.606)
    3 3.051(0.051)
    1 1.808(0.808)
    5 5.000(0.000)
    3 3.085(0.085)
    3 3.076(0.076)
    3 3.115(0.115)
    3 3.025(0.025)
    3 3.199(0.199)
    3 3.202(0.202)
    3 2.901(-0.099)
    3 3.104(0.104)
    3 3.129(0.129)
    3 3.066(0.066)
    3 2.926(-0.074)
    3 2.991(-0.009)
    4 4.304(0.304)
    1 1.932(0.932)
    1 1.611(0.611)
    5 4.541(-0.459)
    5 4.945(-0.055)
    5 5.000(0.000)
    5 4.355(-0.645)
    5 4.382(-0.618)
    5 4.727(-0.273)
    5 4.969(-0.031)
    5 4.783(-0.217)
    5 5.000(0.000)
    5 5.000(0.000)
    5 5.000(0.000)
    5 5.000(0.000)
    5 5.000(0.000)
    5 5.000(0.000)
    5 5.000(0.000)
    5 5.000(0.000)
    5 4.857(-0.143)
    5 5.000(0.000)
    4 4.103(0.103)
    4 3.987(-0.013)
    4 4.063(0.063)
    4 3.875(-0.125)
    4 4.062(0.062)
    4 4.092(0.092)
    4 3.979(-0.021)
    4 3.890(-0.110)
    4 4.068(0.068)
    4 4.076(0.076)
    5 4.470(-0.530)
    4 3.709(-0.291)
    5 3.939(-1.061)
    5 4.028(-0.972)
    4 3.979(-0.021)
    5 4.502(-0.498)
    5 5.000(0.000)
    5 5.000(0.000)
    5 5.000(0.000)
    5 5.000(0.000)
    5 5.000(0.000)
    5 5.000(0.000)
    5 5.000(0.000)
    5 5.000(0.000)
    5 5.000(0.000)
    5 5.000(0.000)
    3 2.929(-0.071)
    3 3.041(0.041)
    3 3.052(0.052)
    3 2.912(-0.088)
    4 3.997(-0.003)
    4 4.046(0.046)
    4 4.039(0.039)
    4 3.998(-0.002)
    4 4.227(0.227)
    4 4.046(0.046)
    4 3.957(-0.043)
    4 3.971(-0.029)
    4 4.091(0.091)
    5 5.000(0.000)
    5 4.870(-0.130)
    5 4.994(-0.006)
    5 4.448(-0.552)
    5 5.000(0.000)
    5 4.870(-0.130)
    5 4.661(-0.339)
    1 1.427(0.427)
    4 3.902(-0.098)
    5 5.000(0.000)
    5 4.133(-0.867)
    4 4.071(0.071)
    4 4.095(0.095)
    4 3.895(-0.105)
    4 4.071(0.071)
    4 3.991(-0.009)
    4 3.650(-0.350)
    4 4.270(0.270)
    4 3.908(-0.092)
    4 3.986(-0.014)
    4 4.112(0.112)
    4 4.109(0.109)
    4 3.937(-0.063)
    4 3.857(-0.143)
    5 4.477(-0.523)
    4 4.133(0.133)
    3 3.145(0.145)
    4 3.925(-0.075)
    4 4.112(0.112)
    4 4.145(0.145)
    4 4.118(0.118)
    4 4.090(0.090)
    4 3.870(-0.130)
    4 3.962(-0.038)
    4 3.946(-0.054)
    4 3.950(-0.050)
    4 3.947(-0.053)
    4 4.022(0.022)
    4 4.044(0.044)
    4 3.926(-0.074)
    4 3.869(-0.131)
    4 3.901(-0.099)
    4 3.880(-0.120)
    5 5.000(0.000)
    5 4.893(-0.107)
    5 4.778(-0.222)
    5 4.989(-0.011)
    5 4.931(-0.069)
    4 3.877(-0.123)
    4 3.961(-0.039)
    4 4.531(0.531)
    4 4.046(0.046)
    5 4.993(-0.007)
    4 3.788(-0.212)
    5 4.935(-0.065)
    5 4.988(-0.012)
    5 5.000(0.000)
    4 3.947(-0.053)
    4 4.040(0.040)
    5 4.656(-0.344)
    5 4.362(-0.638)
    5 4.667(-0.333)
    5 4.658(-0.342)
    5 4.694(-0.306)
    1 1.189(0.189)
    4 3.841(-0.159)
    2 2.890(0.890)
    3 2.912(-0.088)
    5 4.616(-0.384)
    5 4.603(-0.397)
    4 3.909(-0.091)
    5 5.000(0.000)
    5 5.000(0.000)
    5 5.000(0.000)
    5 5.000(0.000)
    5 5.000(0.000)
    5 5.000(0.000)
    5 5.000(0.000)
    5 4.991(-0.009)
    5 5.000(0.000)
    2 1.929(-0.071)
    4 4.104(0.104)
    5 5.000(0.000)
    5 4.150(-0.850)
    5 4.938(-0.062)
    5 5.000(0.000)
    5 4.772(-0.228)
    5 4.802(-0.198)
    5 5.000(0.000)
    5 4.962(-0.038)
    5 5.000(0.000)
    5 4.817(-0.183)
    5 4.853(-0.147)
    5 4.949(-0.051)
    5 5.000(0.000)
    1 1.133(0.133)
    1 1.242(0.242)
    1 1.159(0.159)
    1 1.163(0.163)
    1 1.425(0.425)
    1 1.151(0.151)
    1 1.122(0.122)
    1 1.102(0.102)
    1 1.097(0.097)
    1 1.074(0.074)
    1 1.134(0.134)
    1 1.165(0.165)
    1 1.593(0.593)
    4 4.106(0.106)
    3 2.961(-0.039)
    5 4.919(-0.081)
    4 3.869(-0.131)
    5 4.801(-0.199)
    5 4.625(-0.375)
    1 1.650(0.650)
    1 1.834(0.834)
    5 4.992(-0.008)
    5 4.971(-0.029)
    5 5.000(0.000)
    5 4.949(-0.051)
    5 4.909(-0.091)
    5 4.921(-0.079)
    1 1.301(0.301)
    1 1.563(0.563)
    1 2.350(1.350)
    1 2.083(1.083)
    1 1.474(0.474)
    5 4.443(-0.557)
    4 3.734(-0.266)
    2 2.430(0.430)
    3 2.585(-0.415)
    5 4.603(-0.397)
    3 2.921(-0.079)
    5 5.000(0.000)
    5 4.773(-0.227)
    4 3.845(-0.155)
    5 5.000(0.000)
    5 4.665(-0.335)
    1 1.565(0.565)
    1 1.154(0.154)
    1 1.101(0.101)
    1 1.163(0.163)
    1 1.111(0.111)
    1 1.137(0.137)
    1 1.096(0.096)
    1 1.145(0.145)
    1 1.128(0.128)
    1 1.128(0.128)
    1 1.137(0.137)
    1 1.284(0.284)
    1 1.431(0.431)
    1 1.086(0.086)
    1 1.158(0.158)
    1 1.731(0.731)
    5 4.872(-0.128)
    5 4.650(-0.350)
    4 4.165(0.165)
    4 3.815(-0.185)
    5 4.251(-0.749)
    4 4.055(0.055)
    5 4.421(-0.579)
    4 3.852(-0.148)
    5 4.300(-0.700)
    5 4.626(-0.374)
    4 4.080(0.080)
    4 3.838(-0.162)
    4 4.047(0.047)
    5 4.579(-0.421)
    5 4.961(-0.039)
    5 4.992(-0.008)
    5 5.000(0.000)
    5 4.749(-0.251)
    5 4.122(-0.878)
    3 2.941(-0.059)
    1 2.140(1.140)
    3 2.881(-0.119)
    1 1.618(0.618)
    5 4.336(-0.664)
    5 4.558(-0.442)
    2 1.955(-0.045)
    2 2.209(0.209)
    2 2.042(0.042)
    2 2.121(0.121)
    2 2.102(0.102)
    2 2.204(0.204)
    2 1.950(-0.050)
    2 2.317(0.317)
    2 1.960(-0.040)
    2 2.185(0.185)
    2 1.931(-0.069)
    5 4.957(-0.043)
    5 4.874(-0.126)
    5 4.883(-0.117)
    5 4.930(-0.070)
    5 4.809(-0.191)
    5 4.683(-0.317)
    5 4.840(-0.160)
    5 4.763(-0.237)
    5 4.878(-0.122)
    5 4.770(-0.230)
    3 3.410(0.410)
    4 3.963(-0.037)
    4 3.875(-0.125)
    5 4.849(-0.151)
    5 4.840(-0.160)
    5 4.618(-0.382)
    5 4.640(-0.360)
    5 4.679(-0.321)
    5 4.820(-0.180)
    4 4.041(0.041)
    5 4.452(-0.548)
    1 1.298(0.298)
    1 1.360(0.360)
    5 4.769(-0.231)
    5 4.867(-0.133)
    2 1.813(-0.187)
    2 2.214(0.214)
    2 2.155(0.155)
    2 2.137(0.137)
    2 1.807(-0.193)
    2 1.883(-0.117)
    2 1.955(-0.045)
    2 1.951(-0.049)
    2 2.138(0.138)
    2 2.064(0.064)
    2 1.941(-0.059)
    2 1.949(-0.051)
    2 2.062(0.062)
    2 2.145(0.145)
    2 1.970(-0.030)
    2 2.069(0.069)
    2 2.071(0.071)
    2 2.076(0.076)
    2 2.074(0.074)
    1 1.157(0.157)
    1 1.162(0.162)
    1 1.128(0.128)
    1 1.161(0.161)
    1 1.160(0.160)
    1 1.136(0.136)
    1 1.109(0.109)
    1 1.131(0.131)
    1 1.151(0.151)
    1 1.121(0.121)
    1 1.164(0.164)
    5 4.871(-0.129)
    5 4.768(-0.232)
    5 4.583(-0.417)
    5 4.745(-0.255)
    5 5.000(0.000)
    5 4.491(-0.509)
    5 5.000(0.000)
    5 4.243(-0.757)
    3 3.322(0.322)
    2 2.101(0.101)
    5 4.833(-0.167)
    5 4.974(-0.026)
    5 4.777(-0.223)
    5 4.850(-0.150)
    5 4.624(-0.376)
    5 4.735(-0.265)
    5 4.992(-0.008)
    5 4.909(-0.091)
    5 4.819(-0.181)
    5 4.757(-0.243)
    5 4.824(-0.176)
    5 4.640(-0.360)
    4 3.900(-0.100)
    5 4.393(-0.607)
    5 4.174(-0.826)
    5 4.525(-0.475)
    2 3.137(1.137)
    5 4.222(-0.778)
    4 3.925(-0.075)
    5 4.711(-0.289)
    2 2.940(0.940)
    4 3.994(-0.006)
    1 1.422(0.422)
    1 1.222(0.222)
    1 1.125(0.125)
    1 1.914(0.914)
    4 4.021(0.021)
    4 4.040(0.040)
    4 3.962(-0.038)
    4 3.953(-0.047)
    4 4.006(0.006)
    4 3.847(-0.153)
    4 3.996(-0.004)
    4 3.829(-0.171)
    4 4.105(0.105)
    4 4.131(0.131)
    4 3.916(-0.084)
    5 4.798(-0.202)
    4 4.010(0.010)
    5 4.591(-0.409)
    5 5.000(0.000)
    3 3.101(0.101)
    1 1.302(0.302)
    5 5.000(0.000)
    5 4.959(-0.041)
    5 4.981(-0.019)
    5 5.000(0.000)
    5 4.687(-0.313)
    5 5.000(0.000)
    5 5.000(0.000)
    5 4.950(-0.050)
    5 4.965(-0.035)
    5 4.935(-0.065)
    5 5.000(0.000)
    5 4.700(-0.300)
    5 5.000(0.000)
    5 4.806(-0.194)
    5 5.000(0.000)
    5 5.000(0.000)
    5 5.000(0.000)
    5 5.000(0.000)
    5 5.000(0.000)
    5 5.000(0.000)
    5 4.863(-0.137)
    5 5.000(0.000)
    5 5.000(0.000)
    4 4.035(0.035)
    4 3.966(-0.034)
    4 3.693(-0.307)
    4 4.014(0.014)
    4 3.956(-0.044)
    4 3.735(-0.265)
    4 3.972(-0.028)
    4 3.857(-0.143)
    4 4.122(0.122)
    5 5.000(0.000)
    5 4.946(-0.054)
    5 4.994(-0.006)
    5 5.000(0.000)
    5 5.000(0.000)
    4 4.150(0.150)
    4 4.043(0.043)
    4 3.993(-0.007)
    4 3.923(-0.077)
    4 4.137(0.137)
    4 3.950(-0.050)
    4 4.056(0.056)
    4 4.082(0.082)
    4 4.051(0.051)
    4 3.920(-0.080)
    5 5.000(0.000)
    3 2.930(-0.070)
    4 3.647(-0.353)
    5 4.921(-0.079)
    5 4.243(-0.757)
    5 4.843(-0.157)
    1 3.339(2.339)
    5 4.616(-0.384)
    3 3.074(0.074)
    3 3.149(0.149)
    3 3.109(0.109)
    3 2.984(-0.016)
    3 2.980(-0.020)
    3 3.056(0.056)
    3 3.152(0.152)
    3 3.027(0.027)
    3 2.951(-0.049)
    3 2.968(-0.032)
    3 2.989(-0.011)
    3 3.150(0.150)
    3 3.041(0.041)
    3 3.128(0.128)
    3 2.929(-0.071)
    3 3.048(0.048)
    3 3.070(0.070)
    3 3.057(0.057)
    3 3.039(0.039)
    3 3.049(0.049)
    3 3.047(0.047)
    3 3.058(0.058)
    3 3.053(0.053)
    3 3.093(0.093)
    3 3.038(0.038)
    4 3.859(-0.141)
    5 4.702(-0.298)
    2 2.455(0.455)
    3 3.005(0.005)
    5 4.772(-0.228)
    5 4.990(-0.010)
    4 3.985(-0.015)
    5 5.000(0.000)
    5 4.860(-0.140)
    4 3.822(-0.178)
    5 4.811(-0.189)
    4 3.911(-0.089)
    5 5.000(0.000)
    5 5.000(0.000)
    5 4.749(-0.251)
    5 5.000(0.000)
    5 5.000(0.000)
    5 4.592(-0.408)
    5 4.499(-0.501)
    5 4.599(-0.401)
    5 4.480(-0.520)
    5 4.596(-0.404)
    5 4.177(-0.823)
    5 4.831(-0.169)
    5 5.000(0.000)
    4 3.931(-0.069)
    3 3.058(0.058)
    5 5.000(0.000)
    4 3.810(-0.190)
    4 3.755(-0.245)
    4 3.973(-0.027)
    5 5.000(0.000)
    4 4.040(0.040)
    5 4.897(-0.103)
    5 4.893(-0.107)
    2 2.663(0.663)
    4 3.955(-0.045)
    5 4.442(-0.558)
    2 2.521(0.521)
    4 3.830(-0.170)
    1 1.140(0.140)
    5 4.804(-0.196)
    5 4.768(-0.232)
    5 4.990(-0.010)
    5 5.000(0.000)
    5 5.000(0.000)
    5 5.000(0.000)
    5 5.000(0.000)
    5 5.000(0.000)
    5 5.000(0.000)
    5 5.000(0.000)
    5 5.000(0.000)
    5 5.000(0.000)
    5 5.000(0.000)
    5 5.000(0.000)
    5 5.000(0.000)
    5 5.000(0.000)
    5 5.000(0.000)
    5 5.000(0.000)
    5 5.000(0.000)
    5 5.000(0.000)
    5 5.000(0.000)
    5 5.000(0.000)
    5 5.000(0.000)
    5 4.844(-0.156)
    5 5.000(0.000)
    5 4.848(-0.152)
    5 5.000(0.000)
    5 5.000(0.000)
    5 5.000(0.000)
    5 5.000(0.000)
    5 5.000(0.000)
    5 5.000(0.000)
    5 4.897(-0.103)
    5 4.907(-0.093)
    5 5.000(0.000)
    5 5.000(0.000)
    5 5.000(0.000)
    5 4.879(-0.121)
    1 2.640(1.640)
    5 4.625(-0.375)
    5 4.117(-0.883)
    2 2.962(0.962)
    1 1.300(0.300)
    5 4.574(-0.426)
    5 4.429(-0.571)
    5 4.484(-0.516)
    5 4.522(-0.478)
    5 4.614(-0.386)
    5 4.766(-0.234)
    5 4.600(-0.400)
    5 4.505(-0.495)
    5 4.705(-0.295)
    1 1.092(0.092)
    1 1.200(0.200)
    1 1.194(0.194)
    1 1.212(0.212)
    5 4.992(-0.008)
    5 5.000(0.000)
    5 5.000(0.000)
    5 5.000(0.000)
    5 5.000(0.000)
    5 5.000(0.000)
    5 5.000(0.000)
    5 5.000(0.000)
    5 4.689(-0.311)
    5 4.595(-0.405)
    5 4.968(-0.032)
    2 2.358(0.358)
    5 4.525(-0.475)
    5 4.244(-0.756)
    5 4.476(-0.524)
    5 4.359(-0.641)
    5 4.453(-0.547)
    5 4.379(-0.621)
    4 3.825(-0.175)
    5 3.958(-1.042)
    5 4.577(-0.423)
    5 4.231(-0.769)
    5 4.390(-0.610)
    5 4.407(-0.593)
    5 4.903(-0.097)
    5 4.272(-0.728)
    5 4.959(-0.041)
    5 4.407(-0.593)
    5 4.268(-0.732)
    5 4.407(-0.593)
    5 5.000(0.000)
    5 5.000(0.000)
    5 5.000(0.000)
    5 5.000(0.000)
    5 5.000(0.000)
    5 5.000(0.000)
    5 5.000(0.000)
    5 5.000(0.000)
    1 1.101(0.101)
    1 1.146(0.146)
    1 1.305(0.305)
    1 1.255(0.255)
    1 1.375(0.375)
    1 1.227(0.227)
    5 5.000(0.000)
    5 4.975(-0.025)
    5 5.000(0.000)
    5 4.738(-0.262)
    5 5.000(0.000)
    5 4.901(-0.099)
    5 4.832(-0.168)
    5 5.000(0.000)
    5 5.000(0.000)
    5 4.675(-0.325)
    5 5.000(0.000)
    5 5.000(0.000)
    2 2.132(0.132)
    5 5.000(0.000)
    3 3.072(0.072)
    5 4.744(-0.256)
    5 4.642(-0.358)
    5 4.716(-0.284)
    5 4.432(-0.568)
    5 5.000(0.000)
    5 4.658(-0.342)
    5 4.939(-0.061)
    5 5.000(0.000)
    4 3.976(-0.024)
    4 3.983(-0.017)
    1 1.292(0.292)
    4 4.082(0.082)
    4 4.046(0.046)
    4 4.165(0.165)
    4 3.854(-0.146)
    4 4.117(0.117)
    4 3.985(-0.015)
    4 3.933(-0.067)
    4 4.215(0.215)
    4 3.963(-0.037)
    4 3.967(-0.033)
    4 4.062(0.062)
    4 4.051(0.051)
    4 4.275(0.275)
    4 3.948(-0.052)
    4 4.054(0.054)
    4 3.897(-0.103)
    4 3.967(-0.033)
    4 3.929(-0.071)
    4 4.017(0.017)
    4 3.966(-0.034)
    3 3.035(0.035)
    4 4.131(0.131)
    1 1.332(0.332)
    2 2.614(0.614)
    4 4.012(0.012)
    5 4.492(-0.508)
    5 4.500(-0.500)
    4 3.970(-0.030)
    4 3.901(-0.099)
    4 3.780(-0.220)
    4 3.765(-0.235)
    1 1.100(0.100)
    4 3.999(-0.001)
    1 1.010(0.010)
    4 3.953(-0.047)
    5 4.989(-0.011)
    5 5.000(0.000)
    5 5.000(0.000)
    5 5.000(0.000)
    4 4.034(0.034)
    4 4.005(0.005)
    4 3.924(-0.076)
    4 3.934(-0.066)
    3 3.181(0.181)
    3 2.910(-0.090)
    3 3.057(0.057)
    3 2.856(-0.144)
    3 2.785(-0.215)
    3 3.043(0.043)
    3 2.972(-0.028)
    3 3.037(0.037)
    3 3.045(0.045)
    3 2.773(-0.227)
    3 3.380(0.380)
    5 4.367(-0.633)
    4 4.005(0.005)
    4 3.798(-0.202)
    5 4.528(-0.472)
    4 3.890(-0.110)
    4 3.655(-0.345)
    4 4.099(0.099)
    5 4.379(-0.621)
    5 5.000(0.000)
    5 4.653(-0.347)
    4 4.231(0.231)
    5 4.951(-0.049)
    5 5.000(0.000)
    5 5.000(0.000)
    5 5.000(0.000)
    5 5.000(0.000)
    5 5.000(0.000)
    5 5.000(0.000)
    5 5.000(0.000)
    5 5.000(0.000)
    4 4.077(0.077)
    5 4.408(-0.592)
    5 5.000(0.000)
    5 4.767(-0.233)
    5 4.716(-0.284)
    5 4.947(-0.053)
    5 4.664(-0.336)
    5 4.483(-0.517)
    3 3.392(0.392)
    5 4.681(-0.319)
    5 4.624(-0.376)
    5 4.314(-0.686)
    1 1.105(0.105)
    5 4.421(-0.579)
    5 4.677(-0.323)
    4 3.831(-0.169)
    4 4.076(0.076)
    4 4.029(0.029)
    4 3.785(-0.215)
    4 3.924(-0.076)
    4 3.924(-0.076)
    4 4.080(0.080)
    4 3.803(-0.197)
    5 4.723(-0.277)
    4 4.137(0.137)
    5 4.611(-0.389)
    5 4.832(-0.168)
    4 3.998(-0.002)
    5 4.233(-0.767)
    4 3.912(-0.088)
    4 3.702(-0.298)
    4 3.896(-0.104)
    4 4.127(0.127)
    4 4.063(0.063)
    4 4.117(0.117)
    4 4.148(0.148)
    4 3.991(-0.009)
    4 3.964(-0.036)
    4 3.950(-0.050)
    4 4.021(0.021)
    5 4.725(-0.275)
    5 4.400(-0.600)
    2 2.855(0.855)
    5 4.409(-0.591)
    3 3.254(0.254)
    5 4.511(-0.489)
    5 4.936(-0.064)
    2 1.879(-0.121)
    5 4.310(-0.690)
    1 1.793(0.793)
    5 4.741(-0.259)
    4 3.729(-0.271)
    5 4.835(-0.165)
    3 3.272(0.272)
    1 1.203(0.203)
    1 1.102(0.102)
    1 1.146(0.146)
    1 1.167(0.167)
    1 1.083(0.083)
    3 3.213(0.213)
    3 2.989(-0.011)
    3 3.029(0.029)
    3 3.087(0.087)
    1 1.370(0.370)
    1 1.292(0.292)
    1 1.417(0.417)
    1 1.274(0.274)
    1 1.376(0.376)
    3 3.230(0.230)
    1 1.380(0.380)
    5 4.401(-0.599)
    5 4.856(-0.144)
    5 4.573(-0.427)
    5 5.000(0.000)
    5 5.000(0.000)
    4 4.181(0.181)
    4 4.045(0.045)
    5 4.818(-0.182)
    5 5.000(0.000)
    5 4.608(-0.392)
    5 5.000(0.000)
    5 4.738(-0.262)
    5 4.815(-0.185)
    4 3.861(-0.139)
    5 4.564(-0.436)
    5 4.695(-0.305)
    5 4.742(-0.258)
    5 5.000(0.000)
    5 5.000(0.000)
    4 4.156(0.156)
    5 4.872(-0.128)
    5 5.000(0.000)
    5 4.881(-0.119)
    5 4.813(-0.187)
    5 4.847(-0.153)
    5 4.604(-0.396)
    5 4.880(-0.120)
    5 4.856(-0.144)
    5 4.898(-0.102)
    5 5.000(0.000)
    5 4.736(-0.264)
    5 4.909(-0.091)
    1 1.341(0.341)
    5 4.666(-0.334)
    5 5.000(0.000)
    4 3.997(-0.003)
    4 3.956(-0.044)
    4 3.990(-0.010)
    4 4.084(0.084)
    4 4.067(0.067)
    4 4.186(0.186)
    4 3.960(-0.040)
    4 4.144(0.144)
    4 3.909(-0.091)
    4 4.133(0.133)
    4 4.270(0.270)
    4 3.970(-0.030)
    4 3.929(-0.071)
    4 4.052(0.052)
    5 4.805(-0.195)
    5 4.717(-0.283)
    5 4.787(-0.213)
    5 4.745(-0.255)
    5 4.959(-0.041)
    5 4.670(-0.330)
    5 4.868(-0.132)
    2 2.118(0.118)
    2 2.002(0.002)
    2 1.968(-0.032)
    2 1.794(-0.206)
    2 1.962(-0.038)
    2 2.185(0.185)
    2 2.014(0.014)
    2 1.889(-0.111)
    2 1.915(-0.085)
    2 2.106(0.106)
    4 3.991(-0.009)
    4 3.907(-0.093)
    4 3.928(-0.072)
    4 4.106(0.106)
    5 4.652(-0.348)
    5 4.450(-0.550)
    5 4.764(-0.236)
    5 4.583(-0.417)
    4 4.074(0.074)
    4 4.105(0.105)
    3 3.050(0.050)
    5 5.000(0.000)
    4 4.216(0.216)
    4 3.876(-0.124)
    5 4.709(-0.291)
    1 1.670(0.670)
    4 4.123(0.123)
    5 5.000(0.000)
    5 5.000(0.000)
    5 5.000(0.000)
    5 4.939(-0.061)
    5 5.000(0.000)
    5 5.000(0.000)
    5 4.859(-0.141)
    5 4.864(-0.136)
    5 4.838(-0.162)
    5 4.680(-0.320)
    5 5.000(0.000)
    5 5.000(0.000)
    5 5.000(0.000)
    5 4.735(-0.265)
    5 4.898(-0.102)
    5 4.496(-0.504)
    5 4.642(-0.358)
    5 4.559(-0.441)
    5 4.845(-0.155)
    5 4.651(-0.349)
    5 4.427(-0.573)
    5 4.514(-0.486)
    5 4.601(-0.399)
    5 4.729(-0.271)
    2 2.081(0.081)
    5 5.000(0.000)
    5 5.000(0.000)
    4 3.866(-0.134)
    5 4.907(-0.093)
    4 3.982(-0.018)
    5 4.979(-0.021)
    3 3.008(0.008)
    3 3.107(0.107)
    3 3.043(0.043)
    3 3.100(0.100)
    4 3.948(-0.052)
    4 4.121(0.121)
    4 3.706(-0.294)
    4 4.072(0.072)
    4 4.112(0.112)
    4 4.217(0.217)
    4 4.062(0.062)
    4 4.102(0.102)
    4 3.927(-0.073)
    4 4.071(0.071)
    4 4.092(0.092)
    4 4.120(0.120)
    4 4.050(0.050)
    5 4.783(-0.217)
    5 5.000(0.000)
    4 4.073(0.073)
    5 4.953(-0.047)
    5 4.841(-0.159)
    5 5.000(0.000)
    5 5.000(0.000)
    5 5.000(0.000)
    5 5.000(0.000)
    5 5.000(0.000)
    5 4.961(-0.039)
    5 5.000(0.000)
    5 5.000(0.000)
    5 4.872(-0.128)
    5 5.000(0.000)
    5 5.000(0.000)
    5 5.000(0.000)
    5 4.826(-0.174)
    5 4.410(-0.590)
    5 4.982(-0.018)
    2 2.400(0.400)
    5 4.995(-0.005)
    4 4.076(0.076)
    3 3.386(0.386)
    1 1.777(0.777)
    3 3.073(0.073)
    5 4.800(-0.200)
    5 4.550(-0.450)
    5 4.726(-0.274)
    5 4.365(-0.635)
    5 4.684(-0.316)
    1 1.894(0.894)
    5 4.445(-0.555)
    4 4.009(0.009)
    4 3.786(-0.214)
    3 2.923(-0.077)
    5 4.096(-0.904)
    5 5.000(0.000)
    5 4.785(-0.215)
    5 4.341(-0.659)
    5 4.905(-0.095)
    5 4.641(-0.359)
    5 5.000(0.000)
    4 3.929(-0.071)
    5 5.000(0.000)
    5 4.857(-0.143)
    5 4.848(-0.152)
    5 4.955(-0.045)
    5 4.520(-0.480)
    1 1.548(0.548)
    5 4.933(-0.067)
    5 4.638(-0.362)
    3 2.925(-0.075)
    5 5.000(0.000)
    5 4.797(-0.203)
    5 5.000(0.000)
    3 3.513(0.513)
    5 4.569(-0.431)
    5 5.000(0.000)
    5 4.970(-0.030)
    5 4.330(-0.670)
    3 2.958(-0.042)
    5 4.676(-0.324)
    1 1.184(0.184)
    5 4.589(-0.411)
    5 4.680(-0.320)
    1 1.414(0.414)
    4 3.853(-0.147)
    5 4.399(-0.601)
    4 4.056(0.056)
    5 4.666(-0.334)
    4 4.092(0.092)
    5 4.926(-0.074)
    5 5.000(0.000)
    5 5.000(0.000)
    5 5.000(0.000)
    5 5.000(0.000)
    5 4.725(-0.275)
    5 5.000(0.000)
    5 5.000(0.000)
    5 5.000(0.000)
    5 5.000(0.000)
    5 5.000(0.000)
    3 3.010(0.010)
    5 4.750(-0.250)
    5 4.575(-0.425)
    5 4.496(-0.504)
    5 4.742(-0.258)
    3 3.136(0.136)
    4 4.067(0.067)
    5 4.743(-0.257)
    5 5.000(0.000)
    5 4.482(-0.518)
    3 3.084(0.084)
    5 5.000(0.000)
    5 5.000(0.000)
    5 5.000(0.000)
    5 4.843(-0.157)
    5 5.000(0.000)
    5 5.000(0.000)
    5 4.882(-0.118)
    5 5.000(0.000)
    5 4.798(-0.202)
    5 4.776(-0.224)
    5 4.777(-0.223)
    5 4.825(-0.175)
    5 4.680(-0.320)
    5 4.605(-0.395)
    5 4.617(-0.383)
    5 4.455(-0.545)
    3 3.018(0.018)
    5 4.778(-0.222)
    5 4.763(-0.237)
    5 5.000(0.000)
    3 3.151(0.151)
    4 3.766(-0.234)
    5 4.680(-0.320)
    5 4.764(-0.236)
    3 3.236(0.236)
    1 0.999(-0.001)
    5 5.000(0.000)
    5 4.894(-0.106)
    5 5.000(0.000)
    5 4.919(-0.081)
    5 5.000(0.000)
    5 5.000(0.000)
    5 5.000(0.000)
    5 5.000(0.000)
    5 5.000(0.000)
    5 5.000(0.000)
    1 1.153(0.153)
    1 1.085(0.085)
    1 1.912(0.912)
    3 3.313(0.313)
    5 4.689(-0.311)
    5 4.965(-0.035)
    3 3.239(0.239)
    3 2.935(-0.065)
    3 3.242(0.242)
    5 4.877(-0.123)
    5 4.755(-0.245)
    2 2.402(0.402)
    4 4.121(0.121)
    5 4.845(-0.155)
    5 4.582(-0.418)
    5 4.951(-0.049)
    1 1.350(0.350)
    4 4.031(0.031)
    2 2.396(0.396)
    4 4.089(0.089)
    5 4.473(-0.527)
    5 4.739(-0.261)
    2 2.265(0.265)
    5 4.897(-0.103)
    5 5.000(0.000)
    5 4.274(-0.726)
    5 4.276(-0.724)
    4 4.013(0.013)
    5 5.000(0.000)
    5 5.000(0.000)
    1 2.844(1.844)
    4 4.062(0.062)
    4 4.037(0.037)
    2 2.609(0.609)
    5 4.415(-0.585)
    5 4.797(-0.203)
    4 4.104(0.104)
    5 4.780(-0.220)
    4 4.009(0.009)
    4 4.093(0.093)
    5 4.982(-0.018)
    4 4.072(0.072)
    5 4.641(-0.359)
    5 4.949(-0.051)
    3 3.012(0.012)
    4 3.905(-0.095)
    4 3.886(-0.114)
    1 1.103(0.103)
    1 1.094(0.094)
    1 1.130(0.130)
    1 1.119(0.119)
    1 1.110(0.110)
    1 1.234(0.234)
    1 1.127(0.127)
    1 1.117(0.117)
    1 1.115(0.115)
    1 1.126(0.126)
    1 1.139(0.139)
    1 1.110(0.110)
    5 4.804(-0.196)
    5 4.733(-0.267)
    5 4.907(-0.093)
    5 4.604(-0.396)
    5 4.734(-0.266)
    5 4.705(-0.295)
    5 4.904(-0.096)
    5 4.869(-0.131)
    4 3.928(-0.072)
    2 2.363(0.363)
    3 3.244(0.244)
    3 3.025(0.025)
    3 2.900(-0.100)
    3 3.125(0.125)
    3 2.879(-0.121)
    5 4.351(-0.649)
    3 2.970(-0.030)
    3 2.773(-0.227)
    5 4.569(-0.431)
    3 2.799(-0.201)
    3 3.015(0.015)
    3 3.058(0.058)
    3 3.012(0.012)
    2 1.945(-0.055)
    2 2.053(0.053)
    2 1.991(-0.009)
    2 1.985(-0.015)
    2 2.078(0.078)
    2 1.990(-0.010)
    2 2.056(0.056)
    2 1.986(-0.014)
    2 2.072(0.072)
    2 1.849(-0.151)
    2 2.077(0.077)
    5 5.000(0.000)
    5 5.000(0.000)
    5 5.000(0.000)
    5 5.000(0.000)
    5 5.000(0.000)
    5 4.991(-0.009)
    5 5.000(0.000)
    5 5.000(0.000)
    5 4.505(-0.495)
    5 5.000(0.000)
    5 5.000(0.000)
    5 5.000(0.000)
    5 5.000(0.000)
    5 4.707(-0.293)
    4 3.966(-0.034)
    5 4.587(-0.413)
    1 1.653(0.653)
    5 4.785(-0.215)
    5 4.416(-0.584)
    5 4.753(-0.247)
    5 4.549(-0.451)
    5 4.548(-0.452)
    5 5.000(0.000)
    5 4.781(-0.219)
    5 5.000(0.000)
    5 4.990(-0.010)
    5 5.000(0.000)
    5 5.000(0.000)
    5 5.000(0.000)
    5 5.000(0.000)
    5 5.000(0.000)
    5 5.000(0.000)
    5 5.000(0.000)
    5 4.917(-0.083)
    5 5.000(0.000)
    5 5.000(0.000)
    5 5.000(0.000)
    5 4.992(-0.008)
    5 5.000(0.000)
    5 5.000(0.000)
    5 4.887(-0.113)
    5 5.000(0.000)
    5 5.000(0.000)
    5 4.908(-0.092)
    5 4.649(-0.351)
    1 1.270(0.270)
    1 1.167(0.167)
    1 1.147(0.147)
    5 4.817(-0.183)
    2 2.161(0.161)
    5 5.000(0.000)
    5 4.945(-0.055)
    5 4.990(-0.010)
    5 4.861(-0.139)
    5 4.772(-0.228)
    5 4.849(-0.151)
    5 4.868(-0.132)
    5 5.000(0.000)
    5 4.355(-0.645)
    5 4.842(-0.158)
    5 4.961(-0.039)
    5 4.919(-0.081)
    5 5.000(0.000)
    5 4.600(-0.400)
    3 3.412(0.412)
    5 4.622(-0.378)
    5 4.538(-0.462)
    5 5.000(0.000)
    4 4.100(0.100)
    5 5.000(0.000)
    5 5.000(0.000)
    5 5.000(0.000)
    5 5.000(0.000)
    5 4.753(-0.247)
    5 4.697(-0.303)
    3 2.970(-0.030)
    5 4.799(-0.201)
    5 3.995(-1.005)
    5 4.486(-0.514)
    5 5.000(0.000)
    5 4.249(-0.751)
    5 4.482(-0.518)
    5 4.417(-0.583)
    5 4.686(-0.314)
    5 4.421(-0.579)
    5 4.554(-0.446)
    4 3.895(-0.105)
    5 4.635(-0.365)
    5 4.565(-0.435)
    4 4.005(0.005)
    5 4.743(-0.257)
    5 4.676(-0.324)
    5 4.833(-0.167)
    1 1.795(0.795)
    5 4.836(-0.164)
    5 4.650(-0.350)
    5 4.046(-0.954)
    5 4.600(-0.400)
    5 4.355(-0.645)
    5 4.565(-0.435)
    5 4.529(-0.471)
    4 4.024(0.024)
    5 5.000(0.000)
    3 2.988(-0.012)
    4 3.721(-0.279)
    4 3.989(-0.011)
    5 4.415(-0.585)
    5 4.981(-0.019)
    5 4.631(-0.369)
    5 4.731(-0.269)
    5 4.652(-0.348)
    5 4.334(-0.666)
    1 1.168(0.168)
    1 1.142(0.142)
    1 1.156(0.156)
    1 1.085(0.085)
    1 1.153(0.153)
    1 1.149(0.149)
    1 1.122(0.122)
    1 1.149(0.149)
    1 1.147(0.147)
    1 1.155(0.155)
    1 1.160(0.160)
    1 1.128(0.128)
    3 3.178(0.178)
    5 5.000(0.000)
    5 5.000(0.000)
    5 5.000(0.000)
    5 5.000(0.000)
    5 4.868(-0.132)
    5 5.000(0.000)
    4 3.889(-0.111)
    5 4.733(-0.267)
    4 3.942(-0.058)
    5 4.734(-0.266)
    5 4.490(-0.510)
    5 5.000(0.000)
    4 4.032(0.032)
    4 3.885(-0.115)
    5 4.956(-0.044)
    4 3.997(-0.003)
    5 5.000(0.000)
    5 5.000(0.000)
    5 5.000(0.000)
    5 5.000(0.000)
    5 5.000(0.000)
    5 5.000(0.000)
    5 5.000(0.000)
    5 5.000(0.000)
    5 5.000(0.000)
    5 5.000(0.000)
    5 5.000(0.000)
    5 4.877(-0.123)
    5 5.000(0.000)
    5 4.978(-0.022)
    5 5.000(0.000)
    5 5.000(0.000)
    5 4.749(-0.251)
    5 5.000(0.000)
    5 5.000(0.000)
    5 5.000(0.000)
    5 5.000(0.000)
    5 4.895(-0.105)
    5 5.000(0.000)
    5 5.000(0.000)
    5 4.888(-0.112)
    5 4.886(-0.114)
    5 4.881(-0.119)
    5 4.923(-0.077)
    5 4.719(-0.281)
    5 4.691(-0.309)
    5 5.000(0.000)
    5 4.972(-0.028)
    4 3.946(-0.054)
    5 5.000(0.000)
    5 5.000(0.000)
    5 4.950(-0.050)
    5 4.468(-0.532)
    5 4.734(-0.266)
    5 4.399(-0.601)
    5 4.967(-0.033)
    5 4.755(-0.245)
    5 4.710(-0.290)
    5 4.602(-0.398)
    5 4.913(-0.087)
    5 4.429(-0.571)
    5 4.827(-0.173)
    4 4.029(0.029)
    2 2.080(0.080)
    5 5.000(0.000)
    3 3.056(0.056)
    3 3.281(0.281)
    5 4.949(-0.051)
    4 4.042(0.042)
    4 4.076(0.076)
    4 4.279(0.279)
    4 3.987(-0.013)
    4 4.228(0.228)
    4 3.891(-0.109)
    4 4.226(0.226)
    4 4.015(0.015)
    4 4.029(0.029)
    4 4.024(0.024)
    4 3.959(-0.041)
    4 4.030(0.030)
    5 5.000(0.000)
    4 3.947(-0.053)
    5 4.496(-0.504)
    4 4.128(0.128)
    3 2.975(-0.025)
    4 4.154(0.154)
    1 1.084(0.084)
    1 1.130(0.130)
    1 1.088(0.088)
    1 1.143(0.143)
    1 1.127(0.127)
    1 1.128(0.128)
    1 1.153(0.153)
    1 1.103(0.103)
    1 1.147(0.147)
    1 1.112(0.112)
    1 1.098(0.098)
    1 1.139(0.139)
    1 1.136(0.136)
    1 1.162(0.162)
    5 4.464(-0.536)
    5 4.576(-0.424)
    5 4.422(-0.578)
    5 4.599(-0.401)
    5 4.748(-0.252)
    5 4.424(-0.576)
    5 4.882(-0.118)
    5 4.536(-0.464)
    5 4.740(-0.260)
    4 4.017(0.017)
    5 4.878(-0.122)
    5 4.454(-0.546)
    4 4.018(0.018)
    1 1.122(0.122)
    1 1.153(0.153)
    1 1.136(0.136)
    1 1.168(0.168)
    1 1.127(0.127)
    1 1.235(0.235)
    1 1.144(0.144)
    1 1.161(0.161)
    1 1.216(0.216)
    1 1.165(0.165)
    1 1.145(0.145)
    1 1.290(0.290)
    4 3.731(-0.269)
    5 5.000(0.000)
    5 4.532(-0.468)
    5 4.592(-0.408)
    5 4.729(-0.271)
    5 4.869(-0.131)
    4 4.047(0.047)
    5 4.675(-0.325)
    5 5.000(0.000)
    4 4.018(0.018)
    5 4.079(-0.921)
    5 4.791(-0.209)
    5 4.788(-0.212)
    5 5.000(0.000)
    5 5.000(0.000)
    5 5.000(0.000)
    5 5.000(0.000)
    5 5.000(0.000)
    5 4.853(-0.147)
    5 5.000(0.000)
    5 5.000(0.000)
    5 5.000(0.000)
    5 5.000(0.000)
    5 5.000(0.000)
    3 3.192(0.192)
    5 4.796(-0.204)
    5 4.840(-0.160)
    1 1.095(0.095)
    5 4.553(-0.447)
    5 4.683(-0.317)
    3 2.988(-0.012)
    5 4.520(-0.480)
    1 0.976(-0.024)
    5 5.000(0.000)
    4 3.960(-0.040)
    5 5.000(0.000)
    5 4.924(-0.076)
    5 4.852(-0.148)
    4 4.176(0.176)
    5 4.958(-0.042)
    5 4.779(-0.221)
    5 5.000(0.000)
    5 4.917(-0.083)
    5 4.886(-0.114)
    5 5.000(0.000)
    5 5.000(0.000)
    5 4.732(-0.268)
    5 4.618(-0.382)
    5 5.000(0.000)
    5 4.678(-0.322)
    5 5.000(0.000)
    5 5.000(0.000)
    5 5.000(0.000)
    4 4.111(0.111)
    5 4.687(-0.313)
    5 4.657(-0.343)
    5 4.909(-0.091)
    4 3.946(-0.054)
    4 3.975(-0.025)
    4 3.788(-0.212)
    4 3.933(-0.067)
    4 4.076(0.076)
    4 3.928(-0.072)
    5 4.623(-0.377)
    5 4.785(-0.215)
    5 4.417(-0.583)
    1 1.378(0.378)
    5 4.613(-0.387)
    5 4.786(-0.214)
    1 1.093(0.093)
    5 4.799(-0.201)
    5 3.940(-1.060)
    5 4.913(-0.087)
    5 4.416(-0.584)
    5 4.432(-0.568)
    4 3.807(-0.193)
    5 4.615(-0.385)
    5 4.709(-0.291)
    5 4.755(-0.245)
    5 5.000(0.000)
    4 4.003(0.003)
    4 3.821(-0.179)
    4 3.823(-0.177)
    4 3.907(-0.093)
    4 3.903(-0.097)
    4 3.867(-0.133)
    4 3.818(-0.182)
    5 4.234(-0.766)
    5 4.598(-0.402)
    5 4.369(-0.631)
    5 4.279(-0.721)
    5 4.524(-0.476)
    5 4.424(-0.576)
    5 4.550(-0.450)
    5 4.445(-0.555)
    5 4.467(-0.533)
    5 4.417(-0.583)
    5 4.622(-0.378)
    5 4.551(-0.449)
    5 4.571(-0.429)
    5 4.490(-0.510)
    5 4.770(-0.230)
    5 4.448(-0.552)
    5 4.728(-0.272)
    5 4.796(-0.204)
    5 4.487(-0.513)
    5 4.601(-0.399)
    5 4.344(-0.656)
    1 1.187(0.187)
    1 1.162(0.162)
    1 1.317(0.317)
    1 1.145(0.145)
    1 1.160(0.160)
    1 1.169(0.169)
    1 1.113(0.113)
    1 1.112(0.112)
    1 1.085(0.085)
    1 1.380(0.380)
    3 3.720(0.720)
    3 3.039(0.039)
    1 1.603(0.603)
    2 2.410(0.410)
    4 3.921(-0.079)
    2 2.215(0.215)
    1 1.107(0.107)
    5 5.000(0.000)
    1 1.580(0.580)
    1 1.127(0.127)
    5 4.864(-0.136)
    5 4.814(-0.186)
    5 4.674(-0.326)
    2 2.120(0.120)
    3 3.122(0.122)
    3 3.031(0.031)
    3 2.924(-0.076)
    3 2.951(-0.049)
    5 5.000(0.000)
    5 4.993(-0.007)
    5 5.000(0.000)
    5 5.000(0.000)
    5 5.000(0.000)
    5 5.000(0.000)
    5 5.000(0.000)
    5 4.992(-0.008)
    5 5.000(0.000)
    5 4.797(-0.203)
    4 3.973(-0.027)
    5 5.000(0.000)
    4 3.859(-0.141)
    5 4.823(-0.177)
    4 4.007(0.007)
    1 1.129(0.129)
    5 4.556(-0.444)
    5 4.923(-0.077)
    5 4.859(-0.141)
    5 4.592(-0.408)
    5 5.000(0.000)
    5 5.000(0.000)
    4 3.940(-0.060)
    5 4.800(-0.200)
    5 4.792(-0.208)
    4 4.008(0.008)
    5 5.000(0.000)
    3 3.020(0.020)
    1 1.472(0.472)
    2 1.892(-0.108)
    5 4.844(-0.156)
    3 3.082(0.082)
    5 4.759(-0.241)
    1 1.515(0.515)
    3 2.929(-0.071)
    2 2.056(0.056)
    5 4.097(-0.903)
    3 3.083(0.083)
    5 4.819(-0.181)
    5 4.457(-0.543)
    1 1.128(0.128)
    1 1.109(0.109)
    1 1.119(0.119)
    1 1.091(0.091)
    1 1.142(0.142)
    1 1.130(0.130)
    1 1.158(0.158)
    1 1.148(0.148)
    1 1.364(0.364)
    1 1.588(0.588)
    5 4.677(-0.323)
    5 4.633(-0.367)
    5 4.509(-0.491)
    5 4.456(-0.544)
    5 4.415(-0.585)
    5 4.397(-0.603)
    4 3.979(-0.021)
    5 4.560(-0.440)
    1 1.138(0.138)
    5 4.753(-0.247)
    5 4.980(-0.020)
    5 4.750(-0.250)
    5 4.887(-0.113)
    2 2.418(0.418)
    5 4.787(-0.213)
    5 4.861(-0.139)
    5 4.555(-0.445)
    5 4.867(-0.133)
    5 4.513(-0.487)
    5 4.841(-0.159)
    5 4.430(-0.570)
    5 4.816(-0.184)
    5 4.897(-0.103)
    5 4.721(-0.279)
    5 4.888(-0.112)
    5 5.000(0.000)
    5 4.114(-0.886)
    5 4.809(-0.191)
    4 4.070(0.070)
    5 4.517(-0.483)
    4 3.781(-0.219)
    4 4.230(0.230)
    5 4.574(-0.426)
    5 4.507(-0.493)
    1 1.315(0.315)
    2 2.813(0.813)
    5 4.660(-0.340)
    5 4.896(-0.104)
    5 4.796(-0.204)
    5 4.609(-0.391)
    3 3.141(0.141)
    1 1.854(0.854)
    1 1.406(0.406)
    5 4.777(-0.223)
    4 4.063(0.063)
    5 5.000(0.000)
    5 4.610(-0.390)
    4 3.984(-0.016)
    5 4.679(-0.321)
    5 4.703(-0.297)
    5 4.541(-0.459)
    5 4.662(-0.338)
    5 4.495(-0.505)
    5 4.486(-0.514)
    4 3.932(-0.068)
    5 4.751(-0.249)
    5 4.905(-0.095)
    5 4.766(-0.234)
    5 4.955(-0.045)
    5 4.882(-0.118)
    5 4.859(-0.141)
    5 4.642(-0.358)
    5 4.772(-0.228)
    4 3.905(-0.095)
    5 4.617(-0.383)
    3 3.296(0.296)
    5 4.889(-0.111)
    2 2.004(0.004)
    5 4.717(-0.283)
    4 3.902(-0.098)
    4 4.051(0.051)
    4 4.097(0.097)
    4 3.899(-0.101)
    4 3.973(-0.027)
    4 3.912(-0.088)
    4 3.838(-0.162)
    4 3.911(-0.089)
    4 4.002(0.002)
    4 3.769(-0.231)
    4 4.206(0.206)
    4 3.905(-0.095)
    4 3.959(-0.041)
    4 4.050(0.050)
    4 3.978(-0.022)
    4 3.942(-0.058)
    5 4.453(-0.547)
    2 2.203(0.203)
    5 5.000(0.000)
    2 2.176(0.176)
    5 4.433(-0.567)
    4 4.015(0.015)
    5 4.699(-0.301)
    4 3.812(-0.188)
    5 4.866(-0.134)
    5 4.744(-0.256)
    5 4.390(-0.610)
    5 4.779(-0.221)
    5 4.765(-0.235)
    5 4.835(-0.165)
    5 4.809(-0.191)
    5 4.534(-0.466)
    5 4.593(-0.407)
    5 4.758(-0.242)
    5 4.852(-0.148)
    4 4.040(0.040)
    5 4.847(-0.153)
    5 4.750(-0.250)
    5 5.000(0.000)
    3 3.057(0.057)
    4 4.149(0.149)
    5 5.000(0.000)
    5 4.591(-0.409)
    5 5.000(0.000)
    5 5.000(0.000)
    5 5.000(0.000)
    5 5.000(0.000)
    5 5.000(0.000)
    5 5.000(0.000)
    5 5.000(0.000)
    5 5.000(0.000)
    5 5.000(0.000)
    5 5.000(0.000)
    1 1.566(0.566)
    3 3.444(0.444)
    5 5.000(0.000)
    1 1.139(0.139)
    2 2.072(0.072)
    5 4.717(-0.283)
    5 4.465(-0.535)
    5 4.704(-0.296)
    5 4.966(-0.034)
    5 5.000(0.000)
    2 2.114(0.114)
    1 1.133(0.133)
    5 4.833(-0.167)
    5 5.000(0.000)
    5 4.693(-0.307)
    5 4.728(-0.272)
    1 1.249(0.249)
    5 4.733(-0.267)
    4 3.904(-0.096)
    2 2.497(0.497)
    5 4.756(-0.244)
    4 3.879(-0.121)
    5 4.152(-0.848)
    3 3.380(0.380)
    5 4.929(-0.071)
    5 4.644(-0.356)
    4 4.061(0.061)
    4 4.017(0.017)
    5 4.826(-0.174)
    5 4.816(-0.184)
    4 4.038(0.038)
    5 4.120(-0.880)
    4 4.004(0.004)
    5 4.563(-0.437)
    5 4.989(-0.011)
    4 3.908(-0.092)
    5 5.000(0.000)
    5 4.580(-0.420)
    5 4.994(-0.006)
    5 4.771(-0.229)
    1 0.999(-0.001)
    4 3.784(-0.216)
    5 4.157(-0.843)
    4 4.180(0.180)
    1 1.091(0.091)
    1 1.115(0.115)
    1 1.168(0.168)
    1 1.161(0.161)
    1 1.087(0.087)
    1 1.087(0.087)
    1 1.151(0.151)
    1 1.116(0.116)
    1 1.104(0.104)
    1 1.165(0.165)
    1 1.085(0.085)
    1 1.120(0.120)
    1 1.114(0.114)
    1 1.120(0.120)
    1 1.125(0.125)
    1 1.098(0.098)
    1 1.098(0.098)
    5 4.915(-0.085)
    4 4.121(0.121)
    5 4.889(-0.111)
    5 4.966(-0.034)
    5 4.624(-0.376)
    5 4.694(-0.306)
    5 4.984(-0.016)
    1 1.344(0.344)
    3 3.125(0.125)
    5 5.000(0.000)
    5 4.956(-0.044)
    5 4.944(-0.056)
    3 3.042(0.042)
    4 3.794(-0.206)
    4 3.916(-0.084)
    4 3.954(-0.046)
    4 3.948(-0.052)
    5 4.809(-0.191)
    3 3.056(0.056)
    3 3.060(0.060)
    3 3.124(0.124)
    3 3.064(0.064)
    5 4.893(-0.107)
    5 4.701(-0.299)
    5 5.000(0.000)
    5 4.969(-0.031)
    5 4.810(-0.190)
    5 5.000(0.000)
    5 4.920(-0.080)
    5 4.861(-0.139)
    5 4.192(-0.808)
    5 4.650(-0.350)
    5 4.728(-0.272)
    5 4.963(-0.037)
    5 5.000(0.000)
    2 2.215(0.215)
    2 1.887(-0.113)
    2 2.015(0.015)
    2 2.128(0.128)
    2 1.818(-0.182)
    2 2.107(0.107)
    2 2.018(0.018)
    2 2.229(0.229)
    2 2.335(0.335)
    2 1.745(-0.255)
    2 2.322(0.322)
    5 4.898(-0.102)
    5 4.826(-0.174)
    5 4.691(-0.309)
    5 5.000(0.000)
    5 5.000(0.000)
    1 1.043(0.043)
    1 1.104(0.104)
    1 1.325(0.325)
    1 1.377(0.377)
    1 1.573(0.573)
    1 0.999(-0.001)
    5 4.662(-0.338)
    5 4.947(-0.053)
    2 2.101(0.101)
    5 4.576(-0.424)
    5 4.903(-0.097)
    5 4.714(-0.286)
    2 2.498(0.498)
    5 4.910(-0.090)
    5 5.000(0.000)
    4 4.016(0.016)
    1 1.106(0.106)
    5 5.000(0.000)
    5 4.955(-0.045)
    4 4.090(0.090)
    5 5.000(0.000)
    5 4.902(-0.098)
    4 4.039(0.039)
    4 4.118(0.118)
    4 3.945(-0.055)
    5 4.924(-0.076)
    4 4.063(0.063)
    5 4.599(-0.401)
    5 4.401(-0.599)
    2 2.089(0.089)
    2 2.184(0.184)
    2 1.935(-0.065)
    2 2.555(0.555)
    2 2.142(0.142)
    2 2.172(0.172)
    5 4.820(-0.180)
    5 4.729(-0.271)
    5 4.853(-0.147)
    5 4.761(-0.239)
    5 4.288(-0.712)
    5 4.643(-0.357)
    5 4.624(-0.376)
    5 4.711(-0.289)
    5 4.745(-0.255)
    5 4.339(-0.661)
    5 4.546(-0.454)
    5 4.826(-0.174)
    4 4.166(0.166)
    5 4.609(-0.391)
    3 3.109(0.109)
    5 4.616(-0.384)
    5 5.000(0.000)
    5 4.948(-0.052)
    4 4.095(0.095)
    5 4.875(-0.125)
    5 4.892(-0.108)
    5 4.900(-0.100)
    5 5.000(0.000)
    5 5.000(0.000)
    5 4.642(-0.358)
    2 1.932(-0.068)
    2 2.003(0.003)
    2 2.106(0.106)
    2 2.034(0.034)
    2 1.939(-0.061)
    2 2.066(0.066)
    2 2.090(0.090)
    2 2.003(0.003)
    2 2.145(0.145)
    2 2.061(0.061)
    2 2.046(0.046)
    5 5.000(0.000)
    5 4.720(-0.280)
    5 4.929(-0.071)
    5 4.873(-0.127)
    5 5.000(0.000)
    5 5.000(0.000)
    5 5.000(0.000)
    5 5.000(0.000)
    5 5.000(0.000)
    5 5.000(0.000)
    5 5.000(0.000)
    5 4.653(-0.347)
    5 5.000(0.000)
    5 5.000(0.000)
    5 5.000(0.000)
    5 5.000(0.000)
    5 5.000(0.000)
    5 5.000(0.000)
    5 5.000(0.000)
    5 5.000(0.000)
    5 4.581(-0.419)
    3 3.127(0.127)
    5 4.479(-0.521)
    5 4.301(-0.699)
    5 4.692(-0.308)
    5 4.988(-0.012)
    5 5.000(0.000)
    4 4.497(0.497)
    5 5.000(0.000)
    4 4.051(0.051)
    4 4.006(0.006)
    4 3.659(-0.341)
    5 5.000(0.000)
    5 4.583(-0.417)
    5 4.790(-0.210)
    5 5.000(0.000)
    5 4.966(-0.034)
    4 3.643(-0.357)
    2 2.238(0.238)
    5 4.576(-0.424)
    4 3.945(-0.055)
    3 3.157(0.157)
    4 3.966(-0.034)
    5 4.559(-0.441)
    5 4.726(-0.274)
    5 4.658(-0.342)
    2 2.424(0.424)
    3 3.154(0.154)
    4 4.094(0.094)
    5 4.785(-0.215)
    5 4.753(-0.247)
    5 4.641(-0.359)
    5 4.218(-0.782)
    5 4.823(-0.177)
    5 4.992(-0.008)
    5 4.847(-0.153)
    5 4.821(-0.179)
    5 5.000(0.000)
    5 5.000(0.000)
    5 5.000(0.000)
    5 5.000(0.000)
    5 5.000(0.000)
    5 5.000(0.000)
    5 5.000(0.000)
    5 5.000(0.000)
    5 5.000(0.000)
    5 5.000(0.000)
    5 5.000(0.000)
    4 4.074(0.074)
    4 3.932(-0.068)
    4 3.944(-0.056)
    4 4.102(0.102)
    4 4.099(0.099)
    1 2.143(1.143)
    3 3.525(0.525)
    5 4.900(-0.100)
    2 2.263(0.263)
    5 4.884(-0.116)
    4 4.141(0.141)
    4 4.144(0.144)
    4 3.974(-0.026)
    4 4.097(0.097)
    5 4.609(-0.391)
    5 4.367(-0.633)
    5 4.594(-0.406)
    1 2.102(1.102)
    1 1.309(0.309)
    5 4.858(-0.142)
    5 5.000(0.000)
    5 5.000(0.000)
    5 4.912(-0.088)
    5 4.810(-0.190)
    5 4.864(-0.136)
    5 5.000(0.000)
    5 5.000(0.000)
    5 5.000(0.000)
    5 5.000(0.000)
    4 3.825(-0.175)
    4 3.987(-0.013)
    3 3.428(0.428)
    3 2.942(-0.058)
    2 2.833(0.833)
    4 4.167(0.167)
    5 4.190(-0.810)
    4 3.897(-0.103)
    1 1.620(0.620)
    5 4.659(-0.341)
    5 5.000(0.000)
    2 2.609(0.609)
    5 4.085(-0.915)
    1 1.761(0.761)
    1 1.648(0.648)
    1 1.701(0.701)
    4 4.041(0.041)
    4 3.841(-0.159)
    4 3.919(-0.081)
    4 3.936(-0.064)
    4 3.897(-0.103)
    4 3.923(-0.077)
    4 4.101(0.101)
    4 4.064(0.064)
    4 4.041(0.041)
    4 4.061(0.061)
    4 4.091(0.091)
    4 4.036(0.036)
    4 4.176(0.176)
    5 4.450(-0.550)
    4 4.053(0.053)
    4 3.964(-0.036)
    5 4.525(-0.475)
    4 3.991(-0.009)
    4 3.883(-0.117)
    5 4.190(-0.810)
    3 3.737(0.737)
    4 3.957(-0.043)
    5 4.485(-0.515)
    5 4.565(-0.435)
    5 4.544(-0.456)
    4 4.071(0.071)
    4 3.913(-0.087)
    3 3.244(0.244)
    5 4.352(-0.648)
    3 3.089(0.089)
    3 3.325(0.325)
    5 4.676(-0.324)
    2 2.034(0.034)
    2 1.978(-0.022)
    2 1.983(-0.017)
    2 2.147(0.147)
    4 3.700(-0.300)
    4 4.041(0.041)
    4 4.064(0.064)
    4 4.034(0.034)
    4 3.917(-0.083)
    4 3.988(-0.012)
    4 4.116(0.116)
    4 3.841(-0.159)
    4 3.982(-0.018)
    5 5.000(0.000)
    5 5.000(0.000)
    5 5.000(0.000)
    5 5.000(0.000)
    5 5.000(0.000)
    5 5.000(0.000)
    5 4.991(-0.009)
    5 5.000(0.000)
    5 5.000(0.000)
    5 5.000(0.000)
    5 5.000(0.000)
    5 5.000(0.000)
    4 3.954(-0.046)
    4 3.969(-0.031)
    4 3.861(-0.139)
    4 3.912(-0.088)
    4 3.899(-0.101)
    4 3.962(-0.038)
    5 4.662(-0.338)
    4 4.103(0.103)
    3 3.151(0.151)
    5 4.297(-0.703)
    4 4.117(0.117)
    4 4.042(0.042)
    4 4.134(0.134)
    4 4.036(0.036)
    4 4.109(0.109)
    4 3.879(-0.121)
    4 3.987(-0.013)
    4 3.922(-0.078)
    4 4.149(0.149)
    4 4.064(0.064)
    4 4.091(0.091)
    4 3.992(-0.008)
    5 4.666(-0.334)
    3 3.084(0.084)
    3 3.482(0.482)
    5 4.030(-0.970)
    4 3.987(-0.013)
    4 3.955(-0.045)
    4 4.027(0.027)
    4 4.097(0.097)
    4 4.033(0.033)
    4 3.964(-0.036)
    4 4.165(0.165)
    5 5.000(0.000)
    5 3.981(-1.019)
    5 4.611(-0.389)
    5 4.989(-0.011)
    2 2.429(0.429)
    4 3.985(-0.015)
    3 3.823(0.823)
    5 4.140(-0.860)
    2 2.127(0.127)
    2 2.144(0.144)
    2 1.933(-0.067)
    2 2.145(0.145)
    2 2.130(0.130)
    2 2.165(0.165)
    2 2.136(0.136)
    2 2.172(0.172)
    2 2.186(0.186)
    2 2.188(0.188)
    2 2.152(0.152)
    2 1.956(-0.044)
    5 4.867(-0.133)
    5 4.552(-0.448)
    5 3.835(-1.165)
    3 2.949(-0.051)
    3 3.065(0.065)
    3 2.973(-0.027)
    3 3.079(0.079)
    5 4.529(-0.471)
    3 3.029(0.029)
    3 3.186(0.186)
    3 2.919(-0.081)
    3 3.087(0.087)
    5 5.000(0.000)
    4 3.819(-0.181)
    5 4.634(-0.366)
    5 5.000(0.000)
    5 4.750(-0.250)
    4 3.920(-0.080)
    4 3.918(-0.082)
    5 4.787(-0.213)
    1 1.130(0.130)
    5 4.930(-0.070)
    5 4.945(-0.055)
    5 4.692(-0.308)
    5 4.438(-0.562)
    5 5.000(0.000)
    5 5.000(0.000)
    5 4.784(-0.216)
    4 4.061(0.061)
    5 5.000(0.000)
    4 3.913(-0.087)
    4 3.763(-0.237)
    4 4.196(0.196)
    4 3.916(-0.084)
    4 3.988(-0.012)
    4 4.065(0.065)
    4 4.052(0.052)
    4 3.924(-0.076)
    4 4.049(0.049)
    4 3.984(-0.016)
    4 4.071(0.071)
    4 4.053(0.053)
    4 4.005(0.005)
    4 3.881(-0.119)
    4 4.043(0.043)
    4 3.874(-0.126)
    4 3.949(-0.051)
    4 3.865(-0.135)
    4 3.904(-0.096)
    4 4.016(0.016)
    4 3.992(-0.008)
    4 3.603(-0.397)
    4 4.046(0.046)
    4 4.036(0.036)
    4 4.089(0.089)
    4 4.222(0.222)
    4 4.095(0.095)
    4 3.982(-0.018)
    4 4.134(0.134)
    4 4.080(0.080)
    4 4.164(0.164)
    4 3.991(-0.009)
    4 4.045(0.045)
    3 3.378(0.378)
    2 2.311(0.311)
    5 4.618(-0.382)
    4 3.996(-0.004)
    4 3.745(-0.255)
    5 4.632(-0.368)
    5 4.946(-0.054)
    5 4.934(-0.066)
    3 3.348(0.348)
    5 4.695(-0.305)
    1 1.085(0.085)
    1 1.150(0.150)
    1 1.114(0.114)
    1 1.129(0.129)
    1 1.098(0.098)
    1 1.121(0.121)
    1 1.107(0.107)
    1 1.148(0.148)
    1 1.116(0.116)
    1 1.123(0.123)
    1 1.144(0.144)
    1 1.112(0.112)
    5 5.000(0.000)
    5 4.818(-0.182)
    5 4.714(-0.286)
    5 5.000(0.000)
    5 5.000(0.000)
    5 5.000(0.000)
    5 5.000(0.000)
    5 5.000(0.000)
    5 5.000(0.000)
    5 5.000(0.000)
    5 5.000(0.000)
    5 5.000(0.000)
    5 4.396(-0.604)
    5 4.524(-0.476)
    5 4.640(-0.360)
    2 2.287(0.287)
    1 1.462(0.462)
    1 1.345(0.345)
    1 1.557(0.557)
    4 3.879(-0.121)
    1 1.471(0.471)
    5 4.605(-0.395)
    4 4.058(0.058)
    1 2.597(1.597)
    4 4.072(0.072)
    4 3.875(-0.125)
    5 4.990(-0.010)
    5 5.000(0.000)
    5 5.000(0.000)
    5 5.000(0.000)
    5 5.000(0.000)
    5 5.000(0.000)
    5 5.000(0.000)
    5 5.000(0.000)
    5 5.000(0.000)
    5 5.000(0.000)
    5 5.000(0.000)
    5 5.000(0.000)
    5 4.856(-0.144)
    5 4.590(-0.410)
    5 4.981(-0.019)
    5 4.865(-0.135)
    4 4.098(0.098)
    4 4.069(0.069)
    4 4.073(0.073)
    4 4.129(0.129)
    4 4.130(0.130)
    5 4.694(-0.306)
    5 4.766(-0.234)
    5 4.654(-0.346)
    5 4.745(-0.255)
    5 5.000(0.000)
    5 5.000(0.000)
    5 5.000(0.000)
    5 5.000(0.000)
    5 5.000(0.000)
    5 5.000(0.000)
    5 5.000(0.000)
    5 5.000(0.000)
    5 5.000(0.000)
    5 5.000(0.000)
    5 5.000(0.000)
    5 5.000(0.000)
    4 4.089(0.089)
    2 2.542(0.542)
    3 3.215(0.215)
    5 4.649(-0.351)
    5 5.000(0.000)
    5 4.666(-0.334)
    5 4.832(-0.168)
    5 5.000(0.000)
    5 4.987(-0.013)
    5 4.775(-0.225)
    5 4.974(-0.026)
    5 5.000(0.000)
    5 4.997(-0.003)
    5 4.980(-0.020)
    5 5.000(0.000)
    3 3.581(0.581)
    4 3.907(-0.093)
    5 4.559(-0.441)
    4 3.936(-0.064)
    2 2.714(0.714)
    5 4.279(-0.721)
    3 3.176(0.176)
    5 4.765(-0.235)
    5 4.553(-0.447)
    4 3.979(-0.021)
    5 4.802(-0.198)
    3 2.935(-0.065)
    3 2.940(-0.060)
    3 3.207(0.207)
    1 1.093(0.093)
    5 4.498(-0.502)
    5 4.801(-0.199)
    5 4.603(-0.397)
    5 4.577(-0.423)
    5 4.804(-0.196)
    5 4.872(-0.128)
    5 5.000(0.000)
    5 4.623(-0.377)
    5 5.000(0.000)
    5 5.000(0.000)
    5 4.739(-0.261)
    5 4.650(-0.350)
    4 4.056(0.056)
    5 4.890(-0.110)
    5 4.609(-0.391)
    5 4.773(-0.227)
    5 4.863(-0.137)
    5 4.266(-0.734)
    4 4.259(0.259)
    4 3.981(-0.019)
    4 4.024(0.024)
    4 4.202(0.202)
    4 3.990(-0.010)
    4 4.139(0.139)
    4 4.123(0.123)
    4 4.066(0.066)
    5 4.562(-0.438)
    4 3.931(-0.069)
    2 2.139(0.139)
    5 4.197(-0.803)
    2 2.796(0.796)
    4 4.036(0.036)
    5 5.000(0.000)
    5 4.222(-0.778)
    5 4.454(-0.546)
    5 4.620(-0.380)
    5 4.597(-0.403)
    5 4.842(-0.158)
    5 4.742(-0.258)
    5 4.647(-0.353)
    3 3.105(0.105)
    4 3.920(-0.080)
    5 4.652(-0.348)
    5 4.785(-0.215)
    4 3.944(-0.056)
    5 4.856(-0.144)
    4 4.042(0.042)
    1 1.162(0.162)
    5 4.376(-0.624)
    5 5.000(0.000)
    5 5.000(0.000)
    5 5.000(0.000)
    5 5.000(0.000)
    5 5.000(0.000)
    5 5.000(0.000)
    5 5.000(0.000)
    5 5.000(0.000)
    5 5.000(0.000)
    5 5.000(0.000)
    5 5.000(0.000)
    5 5.000(0.000)
    5 5.000(0.000)
    5 5.000(0.000)
    5 5.000(0.000)
    5 5.000(0.000)
    5 5.000(0.000)
    5 5.000(0.000)
    5 5.000(0.000)
    5 5.000(0.000)
    5 5.000(0.000)
    5 5.000(0.000)
    5 5.000(0.000)
    5 5.000(0.000)
    5 5.000(0.000)
    4 3.702(-0.298)
    5 4.340(-0.660)
    5 4.207(-0.793)
    3 3.276(0.276)
    3 3.315(0.315)
    2 2.895(0.895)
    2 1.939(-0.061)
    5 4.771(-0.229)
    5 4.580(-0.420)
    3 3.086(0.086)
    5 5.000(0.000)
    5 5.000(0.000)
    5 4.917(-0.083)
    5 4.652(-0.348)
    5 4.845(-0.155)
    5 4.368(-0.632)
    5 4.547(-0.453)
    5 4.610(-0.390)
    5 4.742(-0.258)
    5 4.604(-0.396)
    5 4.913(-0.087)
    5 4.797(-0.203)
    4 4.029(0.029)
    4 4.047(0.047)
    2 2.330(0.330)
    3 3.196(0.196)
    5 4.455(-0.545)
    4 3.983(-0.017)
    3 3.380(0.380)
    5 4.646(-0.354)
    5 5.000(0.000)
    5 5.000(0.000)
    5 4.528(-0.472)
    5 4.907(-0.093)
    5 4.720(-0.280)
    4 3.909(-0.091)
    5 4.541(-0.459)
    5 4.971(-0.029)
    5 4.844(-0.156)
    5 4.963(-0.037)
    3 3.294(0.294)
    5 4.854(-0.146)
    5 4.475(-0.525)
    5 4.465(-0.535)
    4 4.007(0.007)
    5 4.768(-0.232)
    5 4.636(-0.364)
    5 5.000(0.000)
    3 3.418(0.418)
    4 4.001(0.001)
    5 4.613(-0.387)
    4 4.046(0.046)
    2 2.064(0.064)
    5 5.000(0.000)
    5 5.000(0.000)
    5 5.000(0.000)
    5 5.000(0.000)
    5 4.921(-0.079)
    5 5.000(0.000)
    5 4.891(-0.109)
    5 4.642(-0.358)
    5 5.000(0.000)
    5 5.000(0.000)
    5 4.299(-0.701)
    5 4.933(-0.067)
    5 4.867(-0.133)
    4 4.027(0.027)
    5 4.563(-0.437)
    3 3.053(0.053)
    3 3.062(0.062)
    3 3.350(0.350)
    4 4.105(0.105)
    5 5.000(0.000)
    4 4.033(0.033)
    5 4.930(-0.070)
    1 1.395(0.395)
    5 4.588(-0.412)
    4 3.806(-0.194)
    5 4.914(-0.086)
    5 4.548(-0.452)
    2 2.117(0.117)
    2 2.087(0.087)
    2 1.963(-0.037)
    2 2.132(0.132)
    2 1.959(-0.041)
    2 2.133(0.133)
    2 2.045(0.045)
    2 2.076(0.076)
    2 2.132(0.132)
    2 1.988(-0.012)
    2 2.002(0.002)
    2 2.129(0.129)
    2 1.997(-0.003)
    2 1.844(-0.156)
    2 2.124(0.124)
    2 1.910(-0.090)
    2 2.090(0.090)
    2 1.882(-0.118)
    2 1.817(-0.183)
    2 1.874(-0.126)
    2 2.003(0.003)
    2 2.031(0.031)
    2 1.926(-0.074)
    2 2.055(0.055)
    2 2.016(0.016)
    2 2.034(0.034)
    2 1.982(-0.018)
    2 2.093(0.093)
    2 1.879(-0.121)
    2 2.170(0.170)
    2 1.656(-0.344)
    2 1.998(-0.002)
    2 1.761(-0.239)
    2 2.112(0.112)
    4 3.922(-0.078)
    4 3.922(-0.078)
    4 4.024(0.024)
    4 3.930(-0.070)
    4 4.007(0.007)
    4 3.917(-0.083)
    4 3.869(-0.131)
    4 4.052(0.052)
    4 4.061(0.061)
    4 3.946(-0.054)
    4 4.028(0.028)
    4 3.990(-0.010)
    5 4.641(-0.359)
    3 2.856(-0.144)
    5 4.547(-0.453)
    5 4.675(-0.325)
    5 4.680(-0.320)
    5 4.727(-0.273)
    5 4.247(-0.753)
    2 2.158(0.158)
    2 2.407(0.407)
    1 1.126(0.126)
    2 2.137(0.137)
    1 1.717(0.717)
    2 2.173(0.173)
    5 5.000(0.000)
    5 4.748(-0.252)
    5 4.615(-0.385)
    4 4.266(0.266)
    5 4.908(-0.092)
    5 4.760(-0.240)
    5 4.316(-0.684)
    5 4.084(-0.916)
    5 4.822(-0.178)
    4 3.941(-0.059)
    4 3.960(-0.040)
    1 1.636(0.636)
    1 1.847(0.847)
    5 4.377(-0.623)
    5 4.888(-0.112)
    5 4.847(-0.153)
    2 2.310(0.310)
    5 4.733(-0.267)
    5 4.865(-0.135)
    4 4.152(0.152)
    4 4.035(0.035)
    4 3.987(-0.013)
    4 3.950(-0.050)
    4 3.956(-0.044)
    4 3.936(-0.064)
    4 4.132(0.132)
    4 3.936(-0.064)
    4 3.989(-0.011)
    4 3.931(-0.069)
    4 4.097(0.097)
    4 3.960(-0.040)
    4 3.985(-0.015)
    4 3.946(-0.054)
    4 3.828(-0.172)
    4 3.597(-0.403)
    4 4.129(0.129)
    4 3.867(-0.133)
    5 4.652(-0.348)
    5 4.378(-0.622)
    1 1.661(0.661)
    5 4.614(-0.386)
    5 4.427(-0.573)
    5 4.506(-0.494)
    5 4.952(-0.048)
    5 4.497(-0.503)
    5 4.423(-0.577)
    5 5.000(0.000)
    4 3.759(-0.241)
    3 3.009(0.009)
    5 4.305(-0.695)
    4 3.524(-0.476)
    1 1.143(0.143)
    1 1.303(0.303)
    5 4.990(-0.010)
    4 4.072(0.072)
    2 2.531(0.531)
    3 3.180(0.180)
    5 4.872(-0.128)
    3 3.078(0.078)
    4 4.062(0.062)
    3 2.833(-0.167)
    4 4.046(0.046)
    4 4.016(0.016)
    5 5.000(0.000)
    5 4.572(-0.428)
    5 5.000(0.000)
    5 5.000(0.000)
    5 5.000(0.000)
    5 4.721(-0.279)
    5 5.000(0.000)
    5 4.989(-0.011)
    5 4.889(-0.111)
    5 4.845(-0.155)
    5 4.761(-0.239)
    3 3.067(0.067)
    3 3.096(0.096)
    3 3.388(0.388)
    3 3.031(0.031)
    5 5.000(0.000)
    5 4.883(-0.117)
    5 4.957(-0.043)
    3 3.251(0.251)
    5 5.000(0.000)
    1 2.130(1.130)
    5 4.630(-0.370)
    4 3.873(-0.127)
    2 2.134(0.134)
    2 1.916(-0.084)
    2 2.052(0.052)
    2 1.821(-0.179)
    2 2.143(0.143)
    2 1.800(-0.200)
    2 2.545(0.545)
    2 1.935(-0.065)
    2 2.140(0.140)
    2 1.944(-0.056)
    2 1.943(-0.057)
    2 2.321(0.321)
    2 2.394(0.394)
    5 4.357(-0.643)
    5 4.479(-0.521)
    2 2.382(0.382)
    4 4.133(0.133)
    5 4.946(-0.054)
    5 5.000(0.000)
    5 5.000(0.000)
    4 4.055(0.055)
    5 5.000(0.000)
    1 1.076(0.076)
    5 4.699(-0.301)
    1 1.364(0.364)
    1 1.212(0.212)
    2 2.103(0.103)
    4 4.100(0.100)
    4 3.679(-0.321)
    4 4.102(0.102)
    4 4.086(0.086)
    4 4.116(0.116)
    4 4.109(0.109)
    4 3.752(-0.248)
    5 4.723(-0.277)
    5 4.563(-0.437)
    5 5.000(0.000)
    5 4.695(-0.305)
    5 5.000(0.000)
    5 4.979(-0.021)
    5 4.652(-0.348)
    5 4.736(-0.264)
    5 5.000(0.000)
    5 4.911(-0.089)
    3 3.136(0.136)
    5 4.990(-0.010)
    4 4.036(0.036)
    5 4.865(-0.135)
    5 5.000(0.000)
    5 5.000(0.000)
    5 4.949(-0.051)
    5 5.000(0.000)
    5 4.953(-0.047)
    1 1.542(0.542)
    3 3.622(0.622)
    5 4.111(-0.889)
    1 1.053(0.053)
    5 4.710(-0.290)
    5 4.494(-0.506)
    5 4.303(-0.697)
    5 5.000(0.000)
    4 4.112(0.112)
    5 4.700(-0.300)
    4 3.785(-0.215)
    3 3.286(0.286)
    4 4.043(0.043)
    2 2.138(0.138)
    2 1.933(-0.067)
    2 1.870(-0.130)
    2 1.998(-0.002)
    2 1.953(-0.047)
    2 2.069(0.069)
    2 2.077(0.077)
    2 1.947(-0.053)
    2 2.443(0.443)
    2 2.054(0.054)
    2 2.078(0.078)
    2 1.955(-0.045)
    1 1.137(0.137)
    1 1.148(0.148)
    1 1.147(0.147)
    1 1.148(0.148)
    1 1.120(0.120)
    1 1.149(0.149)
    1 1.164(0.164)
    1 1.125(0.125)
    1 1.140(0.140)
    1 1.159(0.159)
    1 1.153(0.153)
    4 4.080(0.080)
    4 3.854(-0.146)
    4 3.982(-0.018)
    4 4.021(0.021)
    4 4.093(0.093)
    4 3.958(-0.042)
    4 3.981(-0.019)
    4 4.006(0.006)
    4 4.007(0.007)
    4 4.030(0.030)
    4 3.940(-0.060)
    3 3.043(0.043)
    4 4.192(0.192)
    1 1.237(0.237)
    3 3.040(0.040)
    1 1.777(0.777)
    5 4.836(-0.164)
    5 4.654(-0.346)
    5 4.566(-0.434)
    5 4.486(-0.514)
    5 4.329(-0.671)
    4 4.023(0.023)
    2 3.120(1.120)
    1 1.957(0.957)
    5 5.000(0.000)
    5 4.830(-0.170)
    5 4.716(-0.284)
    5 5.000(0.000)
    5 4.990(-0.010)
    5 5.000(0.000)
    5 5.000(0.000)
    1 1.144(0.144)
    1 1.097(0.097)
    1 1.137(0.137)
    1 1.095(0.095)
    1 1.117(0.117)
    1 1.122(0.122)
    1 1.088(0.088)
    1 1.106(0.106)
    1 1.130(0.130)
    1 1.129(0.129)
    1 1.148(0.148)
    1 1.266(0.266)
    1 1.123(0.123)
    5 4.783(-0.217)
    5 4.709(-0.291)
    5 4.901(-0.099)
    5 4.888(-0.112)
    5 4.809(-0.191)
    4 4.116(0.116)
    4 3.946(-0.054)
    4 4.037(0.037)
    4 4.138(0.138)
    4 4.102(0.102)
    4 4.004(0.004)
    4 4.066(0.066)
    4 3.987(-0.013)
    4 3.970(-0.030)
    4 4.031(0.031)
    4 3.873(-0.127)
    4 3.876(-0.124)
    4 3.986(-0.014)
    4 4.056(0.056)
    4 3.823(-0.177)
    4 4.031(0.031)
    4 3.890(-0.110)
    4 4.017(0.017)
    4 3.805(-0.195)
    4 4.036(0.036)
    4 3.870(-0.130)
    4 4.147(0.147)
    4 3.942(-0.058)
    4 4.154(0.154)
    4 3.933(-0.067)
    4 3.982(-0.018)
    4 4.010(0.010)
    4 4.070(0.070)
    4 4.094(0.094)
    4 3.941(-0.059)
    4 4.108(0.108)
    4 3.914(-0.086)
    1 1.680(0.680)
    4 3.522(-0.478)
    1 1.306(0.306)
    1 2.730(1.730)
    4 3.917(-0.083)
    1 1.886(0.886)
    4 3.710(-0.290)
    4 4.103(0.103)
    4 4.086(0.086)
    4 4.248(0.248)
    4 4.087(0.087)
    4 4.043(0.043)
    5 4.527(-0.473)
    3 3.295(0.295)
    3 3.325(0.325)
    5 4.498(-0.502)
    4 4.096(0.096)
    2 2.168(0.168)
    5 4.957(-0.043)
    5 4.617(-0.383)
    5 4.885(-0.115)
    5 4.829(-0.171)
    5 4.706(-0.294)
    5 4.429(-0.571)
    5 5.000(0.000)
    5 4.740(-0.260)
    3 3.108(0.108)
    2 2.093(0.093)
    5 4.890(-0.110)
    5 4.916(-0.084)
    5 5.000(0.000)
    5 5.000(0.000)
    5 4.565(-0.435)
    2 2.271(0.271)
    4 4.037(0.037)
    4 3.522(-0.478)
    4 3.963(-0.037)
    4 4.088(0.088)
    1 1.430(0.430)
    4 3.923(-0.077)
    4 3.966(-0.034)
    1 1.254(0.254)
    5 4.724(-0.276)
    1 1.621(0.621)
    3 3.108(0.108)
    5 4.915(-0.085)
    5 4.311(-0.689)
    4 4.059(0.059)
    5 4.750(-0.250)
    5 4.708(-0.292)
    5 4.707(-0.293)
    5 4.339(-0.661)
    5 5.000(0.000)
    5 5.000(0.000)
    5 5.000(0.000)
    5 5.000(0.000)
    5 5.000(0.000)
    5 5.000(0.000)
    5 5.000(0.000)
    5 5.000(0.000)
    5 5.000(0.000)
    5 5.000(0.000)
    5 5.000(0.000)
    5 5.000(0.000)
    5 5.000(0.000)
    5 5.000(0.000)
    5 5.000(0.000)
    5 5.000(0.000)
    5 5.000(0.000)
    5 5.000(0.000)
    5 5.000(0.000)
    5 5.000(0.000)
    5 5.000(0.000)
    5 5.000(0.000)
    5 5.000(0.000)
    5 5.000(0.000)
    5 5.000(0.000)
    5 4.696(-0.304)
    5 5.000(0.000)
    5 5.000(0.000)
    5 5.000(0.000)
    5 5.000(0.000)
    5 5.000(0.000)
    5 5.000(0.000)
    5 5.000(0.000)
    5 5.000(0.000)
    5 5.000(0.000)
    5 5.000(0.000)
    5 5.000(0.000)
    5 4.501(-0.499)
    5 4.330(-0.670)
    5 4.525(-0.475)
    5 4.578(-0.422)
    5 5.000(0.000)
    5 4.866(-0.134)
    1 1.162(0.162)
    1 1.118(0.118)
    1 1.137(0.137)
    1 1.163(0.163)
    1 1.128(0.128)
    1 1.117(0.117)
    5 5.000(0.000)
    5 4.882(-0.118)
    5 4.836(-0.164)
    5 5.000(0.000)
    5 5.000(0.000)
    5 4.791(-0.209)
    5 5.000(0.000)
    5 5.000(0.000)
    5 5.000(0.000)
    5 4.863(-0.137)
    5 5.000(0.000)
    5 4.872(-0.128)
    5 5.000(0.000)
    5 5.000(0.000)
    4 3.987(-0.013)
    5 4.936(-0.064)
    5 5.000(0.000)
    5 4.911(-0.089)
    5 4.884(-0.116)
    5 5.000(0.000)
    5 5.000(0.000)
    5 5.000(0.000)
    5 4.902(-0.098)
    5 5.000(0.000)
    5 4.919(-0.081)
    5 4.887(-0.113)
    5 4.810(-0.190)
    5 5.000(0.000)
    5 4.902(-0.098)
    5 4.859(-0.141)
    5 5.000(0.000)
    5 5.000(0.000)
    5 4.890(-0.110)
    5 4.949(-0.051)
    5 4.260(-0.740)
    5 4.795(-0.205)
    1 2.490(1.490)
    5 5.000(0.000)
    5 5.000(0.000)
    5 5.000(0.000)
    5 5.000(0.000)
    5 5.000(0.000)
    5 4.909(-0.091)
    5 5.000(0.000)
    5 5.000(0.000)
    5 5.000(0.000)
    5 5.000(0.000)
    5 5.000(0.000)
    5 5.000(0.000)
    3 3.161(0.161)
    3 3.029(0.029)
    3 3.057(0.057)
    3 2.915(-0.085)
    3 3.074(0.074)
    5 5.000(0.000)
    5 5.000(0.000)
    5 5.000(0.000)
    5 5.000(0.000)
    5 5.000(0.000)
    5 4.776(-0.224)
    5 4.783(-0.217)
    5 4.803(-0.197)
    5 4.734(-0.266)
    5 4.913(-0.087)
    5 5.000(0.000)
    5 5.000(0.000)
    5 4.896(-0.104)
    5 4.484(-0.516)
    5 4.908(-0.092)
    5 5.000(0.000)
    5 4.611(-0.389)
    5 5.000(0.000)
    5 5.000(0.000)
    1 2.452(1.452)
    5 4.382(-0.618)
    4 4.142(0.142)
    5 4.615(-0.385)
    5 4.931(-0.069)
    5 4.655(-0.345)
    5 4.771(-0.229)
    5 4.718(-0.282)
    5 4.727(-0.273)
    5 4.671(-0.329)
    5 4.612(-0.388)
    5 4.649(-0.351)
    5 4.740(-0.260)
    5 4.940(-0.060)
    5 4.374(-0.626)
    5 4.926(-0.074)
    5 4.618(-0.382)
    5 5.000(0.000)
    5 4.627(-0.373)
    5 5.000(0.000)
    3 3.051(0.051)
    5 4.780(-0.220)
    1 1.758(0.758)
    5 5.000(0.000)
    5 5.000(0.000)
    5 5.000(0.000)
    5 5.000(0.000)
    5 5.000(0.000)
    5 5.000(0.000)
    5 5.000(0.000)
    5 5.000(0.000)
    5 5.000(0.000)
    5 4.761(-0.239)
    5 5.000(0.000)
    4 3.986(-0.014)
    4 4.160(0.160)
    5 4.729(-0.271)
    2 2.188(0.188)
    3 2.995(-0.005)
    4 3.762(-0.238)
    4 3.954(-0.046)
    4 3.852(-0.148)
    5 5.000(0.000)
    3 3.085(0.085)
    5 4.318(-0.682)
    4 4.040(0.040)
    4 4.047(0.047)
    4 3.941(-0.059)
    4 4.088(0.088)
    5 4.639(-0.361)
    5 4.606(-0.394)
    5 5.000(0.000)
    5 4.947(-0.053)
    5 4.543(-0.457)
    5 4.483(-0.517)
    5 5.000(0.000)
    5 4.958(-0.042)
    5 5.000(0.000)
    5 5.000(0.000)
    1 1.107(0.107)
    1 1.138(0.138)
    1 1.725(0.725)
    1 1.580(0.580)
    1 1.204(0.204)
    5 5.000(0.000)
    5 5.000(0.000)
    5 5.000(0.000)
    5 4.879(-0.121)
    5 5.000(0.000)
    5 5.000(0.000)
    5 5.000(0.000)
    5 4.808(-0.192)
    5 5.000(0.000)
    5 5.000(0.000)
    5 5.000(0.000)
    5 5.000(0.000)
    5 5.000(0.000)
    5 4.990(-0.010)
    5 5.000(0.000)
    5 5.000(0.000)
    3 3.144(0.144)
    3 2.912(-0.088)
    3 2.972(-0.028)
    3 2.974(-0.026)
    3 3.028(0.028)
    5 4.660(-0.340)
    5 4.636(-0.364)
    1 1.403(0.403)
    5 4.503(-0.497)
    3 2.898(-0.102)
    5 4.653(-0.347)
    5 5.000(0.000)
    5 4.873(-0.127)
    5 4.419(-0.581)
    5 5.000(0.000)
    5 4.603(-0.397)
    5 5.000(0.000)
    5 5.000(0.000)
    5 5.000(0.000)
    5 5.000(0.000)
    5 5.000(0.000)
    5 5.000(0.000)
    5 5.000(0.000)
    5 5.000(0.000)
    5 5.000(0.000)
    5 5.000(0.000)
    5 5.000(0.000)
    5 4.261(-0.739)
    1 1.423(0.423)
    5 4.256(-0.744)
    1 1.615(0.615)
    4 4.091(0.091)
    5 4.925(-0.075)
    5 5.000(0.000)
    5 4.741(-0.259)
    5 4.437(-0.563)
    5 4.853(-0.147)
    5 4.446(-0.554)
    5 5.000(0.000)
    5 5.000(0.000)
    5 5.000(0.000)
    5 4.803(-0.197)
    5 4.887(-0.113)
    5 5.000(0.000)
    5 5.000(0.000)
    5 5.000(0.000)
    5 4.846(-0.154)
    5 4.599(-0.401)
    5 4.627(-0.373)
    5 4.846(-0.154)
    3 3.187(0.187)
    5 4.724(-0.276)
    5 4.764(-0.236)
    5 4.729(-0.271)
    5 5.000(0.000)
    4 3.915(-0.085)
    5 4.825(-0.175)
    4 4.045(0.045)
    4 3.831(-0.169)
    4 4.338(0.338)
    5 4.667(-0.333)
    5 4.755(-0.245)
    4 3.964(-0.036)
    5 5.000(0.000)
    5 4.952(-0.048)
    5 5.000(0.000)
    5 4.894(-0.106)
    5 4.823(-0.177)
    4 3.925(-0.075)
    4 4.084(0.084)
    4 3.990(-0.010)
    4 3.950(-0.050)
    4 4.069(0.069)
    4 4.090(0.090)
    4 4.069(0.069)
    4 3.955(-0.045)
    4 4.129(0.129)
    4 4.113(0.113)
    4 4.220(0.220)
    4 4.235(0.235)
    4 4.102(0.102)
    5 4.791(-0.209)
    5 4.785(-0.215)
    5 4.832(-0.168)
    5 5.000(0.000)
    5 4.847(-0.153)
    5 4.696(-0.304)
    5 4.930(-0.070)
    5 4.931(-0.069)
    5 4.713(-0.287)
    5 4.483(-0.517)
    5 5.000(0.000)
    5 4.851(-0.149)
    5 4.814(-0.186)
    5 4.913(-0.087)
    4 3.973(-0.027)
    3 3.266(0.266)
    1 1.250(0.250)
    5 5.000(0.000)
    5 4.811(-0.189)
    1 1.135(0.135)
    5 4.767(-0.233)
    5 5.000(0.000)
    5 5.000(0.000)
    5 5.000(0.000)
    5 5.000(0.000)
    5 5.000(0.000)
    5 5.000(0.000)
    5 5.000(0.000)
    5 5.000(0.000)
    5 5.000(0.000)
    5 5.000(0.000)
    5 5.000(0.000)
    5 4.874(-0.126)
    5 4.729(-0.271)
    5 5.000(0.000)
    4 4.069(0.069)
    4 3.898(-0.102)
    5 5.000(0.000)
    5 4.774(-0.226)
    1 1.157(0.157)
    5 4.815(-0.185)
    1 1.110(0.110)
    5 4.832(-0.168)
    5 4.492(-0.508)
    1 1.254(0.254)
    1 1.219(0.219)
    1 1.199(0.199)
    5 5.000(0.000)
    5 5.000(0.000)
    5 4.828(-0.172)
    5 5.000(0.000)
    5 4.851(-0.149)
    5 5.000(0.000)
    5 4.513(-0.487)
    5 5.000(0.000)
    5 5.000(0.000)
    5 4.747(-0.253)
    5 4.741(-0.259)
    3 3.110(0.110)
    5 4.408(-0.592)
    5 4.776(-0.224)
    5 4.652(-0.348)
    2 2.328(0.328)
    4 3.909(-0.091)
    5 4.845(-0.155)
    5 4.493(-0.507)
    5 4.680(-0.320)
    4 4.015(0.015)
    4 3.985(-0.015)
    5 4.505(-0.495)
    4 3.975(-0.025)
    2 2.639(0.639)
    4 4.019(0.019)
    5 4.547(-0.453)
    5 5.000(0.000)
    5 5.000(0.000)
    5 5.000(0.000)
    5 5.000(0.000)
    5 5.000(0.000)
    5 4.907(-0.093)
    5 5.000(0.000)
    5 5.000(0.000)
    5 5.000(0.000)
    5 5.000(0.000)
    5 5.000(0.000)
    5 5.000(0.000)
    5 5.000(0.000)
    5 5.000(0.000)
    5 4.792(-0.208)
    5 5.000(0.000)
    5 5.000(0.000)
    5 5.000(0.000)
    5 5.000(0.000)
    5 5.000(0.000)
    5 5.000(0.000)
    5 5.000(0.000)
    5 5.000(0.000)
    5 5.000(0.000)
    5 4.802(-0.198)
    4 4.124(0.124)
    5 4.672(-0.328)
    3 3.061(0.061)
    5 4.462(-0.538)
    5 4.490(-0.510)
    5 5.000(0.000)
    5 4.932(-0.068)
    5 4.517(-0.483)
    5 4.641(-0.359)
    5 4.579(-0.421)
    5 4.759(-0.241)
    5 4.984(-0.016)
    5 4.781(-0.219)
    4 4.182(0.182)
    5 5.000(0.000)
    5 4.965(-0.035)
    5 5.000(0.000)
    5 5.000(0.000)
    5 5.000(0.000)
    5 5.000(0.000)
    5 4.712(-0.288)
    5 5.000(0.000)
    5 5.000(0.000)
    3 3.122(0.122)
    5 5.000(0.000)
    5 4.732(-0.268)
    5 5.000(0.000)

Average Error: 0.177
Correlation: 0.983
Inversion Count: 671
