    5 4.367(-0.633)
    5 4.284(-0.716)
    5 4.964(-0.036)
    5 4.828(-0.172)
    5 4.994(-0.006)
    5 4.724(-0.276)
    5 4.576(-0.424)
    5 5.000(0.000)
    5 5.000(0.000)
    5 4.813(-0.187)
    5 4.597(-0.403)
    5 4.734(-0.266)
    5 4.722(-0.278)
    5 4.978(-0.022)
    5 4.726(-0.274)
    5 4.485(-0.515)
    5 4.286(-0.714)
    4 3.876(-0.124)
    5 5.000(0.000)
    5 5.000(0.000)
    4 3.665(-0.335)
    4 4.267(0.267)
    5 4.871(-0.129)
    5 4.833(-0.167)
    5 4.396(-0.604)
    2 2.689(0.689)
    4 3.852(-0.148)
    5 4.349(-0.651)
    5 4.868(-0.132)
    4 3.852(-0.148)
    5 4.857(-0.143)
    4 4.072(0.072)
    4 3.840(-0.160)
    3 3.129(0.129)
    5 5.000(0.000)
    4 3.985(-0.015)
    4 3.738(-0.262)
    4 4.029(0.029)
    5 4.611(-0.389)
    5 4.818(-0.182)
    5 4.825(-0.175)
    5 5.000(0.000)
    5 4.860(-0.140)
    5 5.000(0.000)
    4 3.787(-0.213)
    5 4.755(-0.245)
    5 4.966(-0.034)
    5 4.500(-0.500)
    5 4.748(-0.252)
    4 3.757(-0.243)
    5 3.932(-1.068)
    5 4.568(-0.432)
    2 2.431(0.431)
    3 3.134(0.134)
    1 1.311(0.311)
    5 4.898(-0.102)
    5 4.724(-0.276)
    5 4.814(-0.186)
    3 3.157(0.157)
    5 4.940(-0.060)
    5 5.000(0.000)
    5 5.000(0.000)
    5 4.572(-0.428)
    5 4.004(-0.996)
    3 3.089(0.089)
    5 4.577(-0.423)
    5 4.414(-0.586)
    5 4.841(-0.159)
    5 4.514(-0.486)
    4 3.824(-0.176)
    5 4.666(-0.334)
    5 4.572(-0.428)
    3 3.282(0.282)
    5 4.647(-0.353)
    5 5.000(0.000)
    1 1.489(0.489)
    4 3.666(-0.334)
    5 4.886(-0.114)
    5 4.790(-0.210)
    5 4.838(-0.162)
    5 4.565(-0.435)
    5 5.000(0.000)
    1 1.045(0.045)
    4 4.011(0.011)
    5 4.382(-0.618)
    5 4.526(-0.474)
    3 3.176(0.176)
    5 4.661(-0.339)
    5 4.491(-0.509)
    4 3.822(-0.178)
    5 4.862(-0.138)
    2 2.240(0.240)
    5 4.574(-0.426)
    5 4.667(-0.333)
    5 4.771(-0.229)
    4 4.220(0.220)
    1 1.864(0.864)
    1 1.302(0.302)
    1 1.176(0.176)
    2 2.602(0.602)
    2 2.470(0.470)
    5 3.630(-1.370)
    2 2.361(0.361)
    5 4.451(-0.549)
    5 4.449(-0.551)
    4 4.164(0.164)
    5 4.370(-0.630)
    5 4.398(-0.602)
    5 4.189(-0.811)
    1 1.800(0.800)
    1 1.522(0.522)
    1 1.758(0.758)
    5 4.766(-0.234)
    5 4.598(-0.402)
    5 4.505(-0.495)
    5 4.545(-0.455)
    5 5.000(0.000)
    5 4.709(-0.291)
    5 5.000(0.000)
    5 5.000(0.000)
    5 4.824(-0.176)
    5 5.000(0.000)
    3 3.392(0.392)
    3 3.334(0.334)
    3 3.216(0.216)
    5 4.169(-0.831)
    3 3.239(0.239)
    5 4.666(-0.334)
    5 4.375(-0.625)
    5 4.446(-0.554)
    4 3.749(-0.251)
    1 1.353(0.353)
    1 1.051(0.051)
    5 4.607(-0.393)
    5 4.867(-0.133)
    5 4.716(-0.284)
    5 4.513(-0.487)
    4 3.656(-0.344)
    5 4.563(-0.437)
    4 4.018(0.018)
    5 5.000(0.000)
    5 4.590(-0.410)
    5 4.669(-0.331)
    5 4.512(-0.488)
    5 4.695(-0.305)
    5 4.463(-0.537)
    5 4.672(-0.328)
    5 4.588(-0.412)
    5 4.198(-0.802)
    5 4.833(-0.167)
    5 4.846(-0.154)
    5 4.902(-0.098)
    5 4.856(-0.144)
    5 4.948(-0.052)
    5 4.568(-0.432)
    3 3.464(0.464)
    5 4.223(-0.777)
    5 4.731(-0.269)
    5 4.651(-0.349)
    5 4.659(-0.341)
    5 4.587(-0.413)
    5 4.790(-0.210)
    5 4.702(-0.298)
    5 4.705(-0.295)
    5 4.757(-0.243)
    5 4.932(-0.068)
    5 4.868(-0.132)
    5 4.732(-0.268)
    4 4.121(0.121)
    5 5.000(0.000)
    5 5.000(0.000)
    2 2.173(0.173)
    1 1.048(0.048)
    4 4.030(0.030)
    5 4.869(-0.131)
    3 2.805(-0.195)
    2 2.243(0.243)
    4 3.772(-0.228)
    4 3.839(-0.161)
    2 2.264(0.264)
    1 1.367(0.367)
    4 3.752(-0.248)
    5 4.921(-0.079)
    5 4.452(-0.548)
    5 4.612(-0.388)
    5 4.617(-0.383)
    5 4.397(-0.603)
    5 4.872(-0.128)
    5 4.874(-0.126)
    5 4.448(-0.552)
    5 4.221(-0.779)
    5 4.426(-0.574)
    3 3.014(0.014)
    4 3.775(-0.225)
    2 2.421(0.421)
    4 3.827(-0.173)
    5 4.982(-0.018)
    5 4.956(-0.044)
    5 4.862(-0.138)
    5 4.744(-0.256)
    2 2.669(0.669)
    5 4.755(-0.245)
    4 4.255(0.255)
    5 4.337(-0.663)
    4 3.876(-0.124)
    3 3.652(0.652)
    5 4.717(-0.283)
    5 4.751(-0.249)
    3 2.897(-0.103)
    5 4.982(-0.018)
    4 3.941(-0.059)
    5 4.273(-0.727)
    4 3.973(-0.027)
    1 1.327(0.327)
    5 4.341(-0.659)
    5 4.506(-0.494)
    5 4.800(-0.200)
    5 5.000(0.000)
    5 5.000(0.000)
    5 4.753(-0.247)
    3 3.288(0.288)
    5 4.751(-0.249)
    4 3.995(-0.005)
    4 3.946(-0.054)
    4 4.079(0.079)
    5 4.666(-0.334)
    5 4.555(-0.445)
    5 4.597(-0.403)
    4 3.492(-0.508)
    2 2.440(0.440)
    3 3.029(0.029)
    5 4.455(-0.545)
    5 4.586(-0.414)
    3 3.404(0.404)
    5 4.489(-0.511)
    5 4.854(-0.146)
    5 4.831(-0.169)
    4 4.154(0.154)
    4 4.288(0.288)
    4 4.034(0.034)
    5 4.643(-0.357)
    5 5.000(0.000)
    5 5.000(0.000)
    5 5.000(0.000)
    5 4.826(-0.174)
    1 1.344(0.344)
    5 5.000(0.000)
    4 3.723(-0.277)
    3 3.621(0.621)
    5 4.501(-0.499)
    3 3.140(0.140)
    5 4.815(-0.185)
    5 4.749(-0.251)
    4 3.987(-0.013)
    4 3.714(-0.286)
    4 3.878(-0.122)
    4 3.807(-0.193)
    5 4.281(-0.719)
    5 4.052(-0.948)
    4 4.252(0.252)
    5 4.819(-0.181)
    5 4.347(-0.653)
    5 4.858(-0.142)
    5 4.990(-0.010)
    5 5.000(0.000)
    4 4.070(0.070)
    5 4.726(-0.274)
    5 4.561(-0.439)
    5 4.386(-0.614)
    5 4.608(-0.392)
    4 4.058(0.058)
    5 4.326(-0.674)
    5 4.817(-0.183)
    5 4.776(-0.224)
    5 4.650(-0.350)
    5 4.962(-0.038)
    5 4.369(-0.631)
    5 4.411(-0.589)
    5 4.975(-0.025)
    5 5.000(0.000)
    5 5.000(0.000)
    5 4.339(-0.661)
    5 4.697(-0.303)
    5 4.399(-0.601)
    5 4.233(-0.767)
    3 3.052(0.052)
    5 4.425(-0.575)
    3 2.923(-0.077)
    5 4.598(-0.402)
    5 4.502(-0.498)
    5 4.621(-0.379)
    5 4.795(-0.205)
    5 4.358(-0.642)
    5 4.303(-0.697)
    5 4.391(-0.609)
    5 4.770(-0.230)
    5 4.681(-0.319)
    3 3.152(0.152)
    5 4.435(-0.565)
    5 4.365(-0.635)
    5 4.704(-0.296)
    5 5.000(0.000)
    5 5.000(0.000)
    5 5.000(0.000)
    5 4.800(-0.200)
    5 4.993(-0.007)
    5 4.738(-0.262)
    5 4.716(-0.284)
    5 4.579(-0.421)
    5 4.963(-0.037)
    5 4.743(-0.257)
    5 4.425(-0.575)
    1 1.384(0.384)
    1 1.420(0.420)
    5 4.596(-0.404)
    5 4.772(-0.228)
    5 4.335(-0.665)
    5 4.794(-0.206)
    5 5.000(0.000)
    5 4.600(-0.400)
    3 3.197(0.197)
    2 2.391(0.391)
    4 3.772(-0.228)
    4 3.739(-0.261)
    1 2.300(1.300)
    5 4.774(-0.226)
    5 4.862(-0.138)
    5 5.000(0.000)
    5 5.000(0.000)
    5 5.000(0.000)
    5 5.000(0.000)
    1 1.626(0.626)
    4 3.875(-0.125)
    4 3.588(-0.412)
    5 4.251(-0.749)
    5 4.979(-0.021)
    4 4.015(0.015)
    5 4.663(-0.337)
    4 4.125(0.125)
    1 1.857(0.857)
    5 4.922(-0.078)
    4 3.994(-0.006)
    5 4.366(-0.634)
    5 4.817(-0.183)
    5 4.924(-0.076)
    5 4.729(-0.271)
    3 3.616(0.616)
    4 4.018(0.018)
    5 4.567(-0.433)
    5 4.610(-0.390)
    5 4.857(-0.143)
    5 4.793(-0.207)
    5 5.000(0.000)
    5 4.766(-0.234)
    4 3.830(-0.170)
    5 4.656(-0.344)
    5 4.601(-0.399)
    5 4.882(-0.118)
    5 5.000(0.000)
    5 4.964(-0.036)
    3 2.996(-0.004)
    5 4.675(-0.325)
    5 4.786(-0.214)
    3 3.515(0.515)
    2 2.192(0.192)
    5 4.882(-0.118)
    5 4.620(-0.380)
    5 4.419(-0.581)
    5 4.868(-0.132)
    2 2.436(0.436)
    4 3.959(-0.041)
    5 5.000(0.000)
    4 3.853(-0.147)
    5 4.569(-0.431)
    5 4.538(-0.462)
    5 4.793(-0.207)
    4 3.893(-0.107)
    5 4.787(-0.213)
    5 4.770(-0.230)
    5 4.579(-0.421)
    2 2.741(0.741)
    2 2.339(0.339)
    5 4.765(-0.235)
    5 4.745(-0.255)
    5 4.551(-0.449)
    5 4.601(-0.399)
    4 3.901(-0.099)
    5 4.754(-0.246)
    4 3.635(-0.365)
    3 2.957(-0.043)
    3 3.030(0.030)
    2 2.809(0.809)
    4 3.968(-0.032)
    5 4.840(-0.160)
    5 4.529(-0.471)
    5 4.761(-0.239)
    5 4.791(-0.209)
    5 4.845(-0.155)
    5 5.000(0.000)
    5 4.767(-0.233)
    5 4.757(-0.243)
    5 4.784(-0.216)
    5 4.823(-0.177)
    3 2.995(-0.005)
    5 4.457(-0.543)
    5 4.788(-0.212)
    5 5.000(0.000)
    4 4.054(0.054)
    5 4.738(-0.262)
    5 5.000(0.000)
    5 5.000(0.000)
    5 5.000(0.000)
    5 4.997(-0.003)
    5 4.363(-0.637)
    4 3.901(-0.099)
    4 3.688(-0.312)
    2 2.537(0.537)
    4 3.854(-0.146)
    4 3.736(-0.264)
    4 4.026(0.026)
    5 4.410(-0.590)
    5 4.556(-0.444)
    1 1.307(0.307)
    1 1.613(0.613)
    1 1.340(0.340)
    1 1.328(0.328)
    4 3.701(-0.299)
    4 4.079(0.079)
    4 4.367(0.367)
    5 4.218(-0.782)
    5 5.000(0.000)
    4 4.294(0.294)
    5 4.857(-0.143)
    5 4.968(-0.032)
    4 3.977(-0.023)
    5 5.000(0.000)
    4 3.960(-0.040)
    5 4.918(-0.082)
    5 4.742(-0.258)
    5 4.740(-0.260)
    5 4.944(-0.056)
    5 5.000(0.000)
    5 4.477(-0.523)
    5 4.870(-0.130)
    5 4.266(-0.734)
    4 4.004(0.004)
    4 3.989(-0.011)
    1 2.075(1.075)
    4 4.065(0.065)
    5 4.578(-0.422)
    1 1.049(0.049)
    1 1.054(0.054)
    2 2.513(0.513)
    1 1.719(0.719)
    5 4.505(-0.495)
    2 1.977(-0.023)
    4 3.858(-0.142)
    5 4.863(-0.137)
    5 4.943(-0.057)
    5 4.390(-0.610)
    5 4.917(-0.083)
    5 4.466(-0.534)
    5 5.000(0.000)
    5 4.934(-0.066)
    5 4.715(-0.285)
    5 5.000(0.000)
    5 5.000(0.000)
    5 5.000(0.000)
    5 4.881(-0.119)
    5 4.313(-0.687)
    5 5.000(0.000)
    5 4.740(-0.260)
    5 4.510(-0.490)
    5 4.764(-0.236)
    3 3.365(0.365)
    5 4.555(-0.445)
    3 3.137(0.137)
    5 5.000(0.000)
    5 4.895(-0.105)
    5 4.886(-0.114)
    5 4.570(-0.430)
    2 2.392(0.392)
    5 4.356(-0.644)
    1 1.042(0.042)
    1 1.049(0.049)
    5 4.422(-0.578)
    5 4.513(-0.487)
    4 4.004(0.004)
    5 4.723(-0.277)
    5 4.949(-0.051)
    5 4.726(-0.274)
    5 4.372(-0.628)
    2 1.986(-0.014)
    5 4.611(-0.389)
    5 4.160(-0.840)
    4 3.918(-0.082)
    5 4.866(-0.134)
    5 4.907(-0.093)
    5 4.938(-0.062)
    5 4.754(-0.246)
    2 2.641(0.641)
    5 4.624(-0.376)
    4 3.909(-0.091)
    5 4.538(-0.462)
    5 4.615(-0.385)
    5 4.840(-0.160)
    5 4.711(-0.289)
    5 4.579(-0.421)
    5 4.824(-0.176)
    5 4.796(-0.204)
    5 4.819(-0.181)
    5 5.000(0.000)
    5 4.661(-0.339)
    5 4.509(-0.491)
    5 4.440(-0.560)
    5 4.639(-0.361)
    4 3.897(-0.103)
    3 3.088(0.088)
    5 4.386(-0.614)
    1 1.955(0.955)
    4 3.963(-0.037)
    5 4.646(-0.354)
    3 3.026(0.026)
    5 4.919(-0.081)
    5 4.592(-0.408)
    5 5.000(0.000)
    5 4.846(-0.154)
    5 4.296(-0.704)
    3 3.420(0.420)
    2 2.564(0.564)
    5 4.845(-0.155)
    3 3.181(0.181)
    4 4.219(0.219)
    3 3.007(0.007)
    5 4.487(-0.513)
    5 4.539(-0.461)
    3 3.189(0.189)
    5 5.000(0.000)
    2 2.698(0.698)
    4 3.721(-0.279)
    4 3.766(-0.234)
    5 5.000(0.000)
    4 3.869(-0.131)
    5 5.000(0.000)
    3 3.251(0.251)
    5 4.278(-0.722)
    5 4.528(-0.472)
    5 5.000(0.000)
    4 3.714(-0.286)
    5 4.553(-0.447)
    4 3.967(-0.033)
    5 4.048(-0.952)
    5 4.559(-0.441)
    4 3.823(-0.177)
    4 4.121(0.121)
    5 4.762(-0.238)
    4 3.996(-0.004)
    5 4.646(-0.354)
    5 3.939(-1.061)
    4 3.971(-0.029)
    5 4.596(-0.404)
    4 4.123(0.123)
    5 4.056(-0.944)
    5 4.356(-0.644)
    5 4.520(-0.480)
    3 3.134(0.134)
    2 2.715(0.715)
    5 4.964(-0.036)
    5 4.609(-0.391)
    4 3.941(-0.059)
    5 5.000(0.000)
    5 4.516(-0.484)
    5 4.611(-0.389)
    5 4.356(-0.644)
    5 4.580(-0.420)
    5 4.787(-0.213)
    4 4.266(0.266)
    5 4.304(-0.696)
    5 4.518(-0.482)
    4 3.711(-0.289)
    4 4.182(0.182)
    4 4.042(0.042)
    4 4.105(0.105)
    4 3.953(-0.047)
    1 2.629(1.629)
    1 2.247(1.247)
    4 4.020(0.020)
    4 3.907(-0.093)
    4 3.994(-0.006)
    5 4.552(-0.448)
    5 4.898(-0.102)
    5 4.836(-0.164)
    5 4.942(-0.058)
    5 5.000(0.000)
    5 5.000(0.000)
    2 2.036(0.036)
    5 4.377(-0.623)
    5 4.729(-0.271)
    5 4.711(-0.289)
    5 5.000(0.000)
    5 4.853(-0.147)
    4 3.841(-0.159)
    4 3.992(-0.008)
    4 4.053(0.053)
    5 4.674(-0.326)
    1 1.460(0.460)
    4 4.025(0.025)
    5 4.816(-0.184)
    5 4.925(-0.075)
    5 4.470(-0.530)
    5 4.673(-0.327)
    5 4.443(-0.557)
    5 4.448(-0.552)
    5 4.736(-0.264)
    5 4.781(-0.219)
    5 4.930(-0.070)
    1 1.656(0.656)
    5 4.695(-0.305)
    3 3.303(0.303)
    2 2.445(0.445)
    2 2.034(0.034)
    5 4.988(-0.012)
    5 5.000(0.000)
    5 5.000(0.000)
    5 3.803(-1.197)
    1 2.111(1.111)
    5 4.853(-0.147)
    5 4.682(-0.318)
    3 2.975(-0.025)
    5 4.954(-0.046)
    5 4.961(-0.039)
    5 4.952(-0.048)
    5 4.937(-0.063)
    5 4.939(-0.061)
    4 3.930(-0.070)
    4 4.095(0.095)
    5 4.834(-0.166)
    5 4.567(-0.433)
    5 4.772(-0.228)
    3 3.379(0.379)
    5 4.430(-0.570)
    5 4.599(-0.401)
    5 5.000(0.000)
    5 4.687(-0.313)
    3 3.183(0.183)
    3 3.067(0.067)
    5 4.868(-0.132)
    3 3.425(0.425)
    3 3.003(0.003)
    5 4.647(-0.353)
    5 4.438(-0.562)
    5 4.981(-0.019)
    5 4.777(-0.223)
    2 2.387(0.387)
    5 5.000(0.000)
    5 4.957(-0.043)
    3 3.112(0.112)
    5 4.829(-0.171)
    5 4.905(-0.095)
    5 4.466(-0.534)
    4 3.725(-0.275)
    4 4.070(0.070)
    4 4.183(0.183)
    5 4.663(-0.337)
    4 3.911(-0.089)
    4 3.765(-0.235)
    5 4.550(-0.450)
    3 3.403(0.403)
    1 1.299(0.299)
    5 4.540(-0.460)
    5 4.759(-0.241)
    5 5.000(0.000)
    5 5.000(0.000)
    3 3.346(0.346)
    5 4.669(-0.331)
    5 4.926(-0.074)
    4 3.628(-0.372)
    3 3.250(0.250)
    3 3.256(0.256)
    5 4.062(-0.938)
    3 3.245(0.245)
    3 3.472(0.472)
    5 4.616(-0.384)
    5 4.292(-0.708)
    5 4.790(-0.210)
    4 3.653(-0.347)
    3 2.961(-0.039)
    5 4.693(-0.307)
    4 4.045(0.045)
    5 4.860(-0.140)
    5 4.961(-0.039)
    5 4.807(-0.193)
    5 5.000(0.000)
    5 5.000(0.000)
    5 4.880(-0.120)
    5 4.736(-0.264)
    4 3.954(-0.046)
    5 4.612(-0.388)
    5 5.000(0.000)
    5 4.595(-0.405)
    5 4.857(-0.143)
    5 4.537(-0.463)
    5 4.414(-0.586)
    5 4.393(-0.607)
    5 4.700(-0.300)
    5 4.565(-0.435)
    5 4.605(-0.395)
    4 3.956(-0.044)
    5 5.000(0.000)
    1 1.543(0.543)
    1 1.450(0.450)
    1 1.653(0.653)
    1 1.477(0.477)
    4 3.667(-0.333)
    5 4.801(-0.199)
    5 4.441(-0.559)
    5 4.811(-0.189)
    4 3.978(-0.022)
    4 4.000(0.000)
    4 3.981(-0.019)
    4 4.074(0.074)
    4 3.966(-0.034)
    4 3.784(-0.216)
    4 4.015(0.015)
    4 3.779(-0.221)
    5 4.664(-0.336)
    4 3.874(-0.126)
    5 4.506(-0.494)
    4 4.114(0.114)
    5 4.452(-0.548)
    5 4.856(-0.144)
    3 3.344(0.344)
    1 1.664(0.664)
    3 2.953(-0.047)
    5 4.747(-0.253)
    5 4.571(-0.429)
    4 3.970(-0.030)
    2 2.881(0.881)
    1 1.047(0.047)
    5 4.194(-0.806)
    5 4.411(-0.589)
    5 4.534(-0.466)
    5 4.465(-0.535)
    5 4.526(-0.474)
    5 4.550(-0.450)
    5 5.000(0.000)
    5 4.876(-0.124)
    5 4.802(-0.198)
    5 4.510(-0.490)
    3 3.242(0.242)
    3 2.828(-0.172)
    5 4.671(-0.329)
    5 4.710(-0.290)
    5 4.607(-0.393)
    3 3.026(0.026)
    5 4.458(-0.542)
    4 3.883(-0.117)
    1 1.298(0.298)
    5 4.932(-0.068)
    5 4.950(-0.050)
    5 4.238(-0.762)
    5 4.901(-0.099)
    5 4.769(-0.231)
    5 4.638(-0.362)
    5 4.871(-0.129)
    5 4.808(-0.192)
    5 4.601(-0.399)
    5 4.674(-0.326)
    5 4.802(-0.198)
    5 4.763(-0.237)
    5 4.544(-0.456)
    5 4.903(-0.097)
    3 3.050(0.050)
    3 3.053(0.053)
    5 5.000(0.000)
    5 4.592(-0.408)
    5 5.000(0.000)
    5 5.000(0.000)
    5 4.580(-0.420)
    4 3.999(-0.001)
    2 2.898(0.898)
    5 4.713(-0.287)
    5 4.710(-0.290)
    5 4.700(-0.300)
    5 4.578(-0.422)
    5 4.880(-0.120)
    5 4.918(-0.082)
    5 4.541(-0.459)
    5 4.764(-0.236)
    5 4.562(-0.438)
    5 4.514(-0.486)
    3 3.128(0.128)
    4 3.978(-0.022)
    5 4.917(-0.083)
    5 4.852(-0.148)
    5 4.683(-0.317)
    5 4.667(-0.333)
    5 4.632(-0.368)
    5 4.427(-0.573)
    5 4.870(-0.130)
    5 4.859(-0.141)
    5 4.855(-0.145)
    5 4.387(-0.613)
    4 3.990(-0.010)
    5 4.918(-0.082)
    5 4.605(-0.395)
    2 2.522(0.522)
    2 2.213(0.213)
    5 4.567(-0.433)
    5 4.602(-0.398)
    5 4.880(-0.120)
    5 4.725(-0.275)
    5 4.792(-0.208)
    3 3.236(0.236)
    3 3.167(0.167)
    3 3.077(0.077)
    5 4.979(-0.021)
    5 4.987(-0.013)
    5 5.000(0.000)
    4 4.008(0.008)
    4 4.309(0.309)
    4 3.704(-0.296)
    5 4.975(-0.025)
    5 4.949(-0.051)
    5 4.701(-0.299)
    3 3.051(0.051)
    5 4.632(-0.368)
    1 1.788(0.788)
    5 4.894(-0.106)
    4 4.017(0.017)
    5 4.865(-0.135)
    4 4.064(0.064)
    4 4.113(0.113)
    5 4.686(-0.314)
    5 4.535(-0.465)
    5 4.862(-0.138)
    5 4.253(-0.747)
    5 4.203(-0.797)
    2 2.573(0.573)
    5 4.466(-0.534)
    5 4.286(-0.714)
    5 4.682(-0.318)
    5 4.534(-0.466)
    5 4.893(-0.107)
    4 4.158(0.158)
    5 4.863(-0.137)
    5 4.139(-0.861)
    2 2.366(0.366)
    5 5.000(0.000)
    5 4.736(-0.264)
    5 5.000(0.000)
    5 4.403(-0.597)
    4 3.974(-0.026)
    4 3.818(-0.182)
    5 5.000(0.000)
    5 5.000(0.000)
    2 2.352(0.352)
    5 4.497(-0.503)
    1 1.643(0.643)
    5 4.530(-0.470)
    5 5.000(0.000)
    5 4.785(-0.215)
    5 4.292(-0.708)
    5 5.000(0.000)
    1 2.035(1.035)
    3 2.770(-0.230)
    5 5.000(0.000)
    1 1.250(0.250)
    1 1.672(0.672)
    5 4.878(-0.122)
    5 4.720(-0.280)
    5 4.175(-0.825)
    5 4.349(-0.651)
    5 4.967(-0.033)
    1 2.406(1.406)
    4 3.779(-0.221)
    5 4.800(-0.200)
    5 4.922(-0.078)
    5 4.605(-0.395)
    5 4.634(-0.366)
    5 4.874(-0.126)
    5 4.407(-0.593)
    4 4.089(0.089)
    5 4.748(-0.252)
    4 4.011(0.011)
    5 4.970(-0.030)
    5 4.931(-0.069)
    5 5.000(0.000)
    5 4.978(-0.022)
    5 5.000(0.000)
    5 5.000(0.000)
    3 3.170(0.170)
    5 4.883(-0.117)
    5 4.856(-0.144)
    5 4.551(-0.449)
    5 4.647(-0.353)
    5 4.558(-0.442)
    5 4.750(-0.250)
    5 4.984(-0.016)
    5 4.980(-0.020)
    3 3.803(0.803)
    2 2.400(0.400)
    5 4.442(-0.558)
    5 4.603(-0.397)
    5 4.523(-0.477)
    4 3.611(-0.389)
    5 4.577(-0.423)
    5 4.256(-0.744)
    4 3.887(-0.113)
    5 4.947(-0.053)
    1 1.772(0.772)
    5 4.437(-0.563)
    5 5.000(0.000)
    3 2.974(-0.026)
    4 3.794(-0.206)
    4 4.004(0.004)
    4 4.164(0.164)
    5 4.825(-0.175)
    5 4.449(-0.551)
    2 2.354(0.354)
    3 3.250(0.250)
    5 5.000(0.000)
    5 4.958(-0.042)
    2 2.412(0.412)
    3 3.149(0.149)
    5 4.892(-0.108)
    5 4.991(-0.009)
    2 3.433(1.433)
    5 4.104(-0.896)
    3 2.972(-0.028)
    5 4.290(-0.710)
    5 4.639(-0.361)

Average Error: 0.284
Correlation: 0.966
Inversion Count: 167
