    5 4.354(-0.646)
    5 4.125(-0.875)
    5 4.956(-0.044)
    5 4.800(-0.200)
    5 4.994(-0.006)
    5 4.740(-0.260)
    5 4.518(-0.482)
    5 5.000(0.000)
    5 5.000(0.000)
    5 4.800(-0.200)
    5 4.570(-0.430)
    5 4.726(-0.274)
    5 4.742(-0.258)
    5 4.975(-0.025)
    5 4.685(-0.315)
    5 4.460(-0.540)
    5 4.323(-0.677)
    4 3.856(-0.144)
    5 5.000(0.000)
    5 5.000(0.000)
    4 3.601(-0.399)
    4 4.254(0.254)
    5 4.863(-0.137)
    5 4.828(-0.172)
    5 4.395(-0.605)
    2 2.736(0.736)
    4 3.865(-0.135)
    5 4.329(-0.671)
    5 4.873(-0.127)
    4 3.831(-0.169)
    5 4.863(-0.137)
    4 4.075(0.075)
    4 3.847(-0.153)
    3 3.119(0.119)
    5 5.000(0.000)
    4 3.986(-0.014)
    4 3.732(-0.268)
    4 4.033(0.033)
    5 4.529(-0.471)
    5 4.800(-0.200)
    5 4.839(-0.161)
    5 5.000(0.000)
    5 4.828(-0.172)
    5 5.000(0.000)
    4 3.735(-0.265)
    5 4.769(-0.231)
    5 4.967(-0.033)
    5 4.400(-0.600)
    5 4.761(-0.239)
    4 3.747(-0.253)
    5 3.903(-1.097)
    5 4.500(-0.500)
    2 2.474(0.474)
    3 3.157(0.157)
    1 1.296(0.296)
    5 4.877(-0.123)
    5 4.742(-0.258)
    5 4.815(-0.185)
    3 3.172(0.172)
    5 4.925(-0.075)
    5 5.000(0.000)
    5 5.000(0.000)
    5 4.588(-0.412)
    5 4.088(-0.912)
    3 3.087(0.087)
    5 4.579(-0.421)
    5 4.383(-0.617)
    5 4.850(-0.150)
    5 4.470(-0.530)
    4 3.819(-0.181)
    5 4.686(-0.314)
    5 4.606(-0.394)
    3 3.290(0.290)
    5 4.640(-0.360)
    5 5.000(0.000)
    1 1.521(0.521)
    4 3.685(-0.315)
    5 4.876(-0.124)
    5 4.781(-0.219)
    5 4.848(-0.152)
    5 4.550(-0.450)
    5 5.000(0.000)
    1 1.050(0.050)
    4 4.013(0.013)
    5 4.395(-0.605)
    5 4.565(-0.435)
    3 3.169(0.169)
    5 4.627(-0.373)
    5 4.416(-0.584)
    4 3.791(-0.209)
    5 4.871(-0.129)
    2 2.275(0.275)
    5 4.598(-0.402)
    5 4.615(-0.385)
    5 4.742(-0.258)
    4 4.200(0.200)
    1 2.075(1.075)
    1 1.350(0.350)
    1 1.172(0.172)
    2 2.736(0.736)
    2 2.575(0.575)
    5 3.559(-1.441)
    2 2.412(0.412)
    5 4.389(-0.611)
    5 4.368(-0.632)
    4 4.164(0.164)
    5 4.360(-0.640)
    5 4.450(-0.550)
    5 4.207(-0.793)
    1 1.798(0.798)
    1 1.636(0.636)
    1 1.780(0.780)
    5 4.717(-0.283)
    5 4.517(-0.483)
    5 4.527(-0.473)
    5 4.435(-0.565)
    5 5.000(0.000)
    5 4.650(-0.350)
    5 5.000(0.000)
    5 5.000(0.000)
    5 4.800(-0.200)
    5 5.000(0.000)
    3 3.488(0.488)
    3 3.317(0.317)
    3 3.243(0.243)
    5 4.213(-0.787)
    3 3.250(0.250)
    5 4.613(-0.387)
    5 4.342(-0.658)
    5 4.383(-0.617)
    4 3.711(-0.289)
    1 1.353(0.353)
    1 1.050(0.050)
    5 4.606(-0.394)
    5 4.867(-0.133)
    5 4.685(-0.315)
    5 4.550(-0.450)
    4 3.682(-0.318)
    5 4.559(-0.441)
    4 4.018(0.018)
    5 5.000(0.000)
    5 4.606(-0.394)
    5 4.661(-0.339)
    5 4.493(-0.507)
    5 4.663(-0.337)
    5 4.456(-0.544)
    5 4.613(-0.387)
    5 4.606(-0.394)
    5 4.163(-0.837)
    5 4.830(-0.170)
    5 4.816(-0.184)
    5 4.900(-0.100)
    5 4.863(-0.137)
    5 4.943(-0.057)
    5 4.500(-0.500)
    3 3.450(0.450)
    5 4.077(-0.923)
    5 4.696(-0.304)
    5 4.657(-0.343)
    5 4.590(-0.410)
    5 4.550(-0.450)
    5 4.769(-0.231)
    5 4.664(-0.336)
    5 4.693(-0.307)
    5 4.732(-0.268)
    5 4.935(-0.065)
    5 4.845(-0.155)
    5 4.738(-0.262)
    4 4.138(0.138)
    5 5.000(0.000)
    5 5.000(0.000)
    2 2.158(0.158)
    1 1.050(0.050)
    4 4.033(0.033)
    5 4.863(-0.137)
    3 2.764(-0.236)
    2 2.283(0.283)
    4 3.717(-0.283)
    4 3.833(-0.167)
    2 2.283(0.283)
    1 1.400(0.400)
    4 3.702(-0.298)
    5 4.925(-0.075)
    5 4.488(-0.512)
    5 4.621(-0.379)
    5 4.592(-0.408)
    5 4.328(-0.672)
    5 4.863(-0.137)
    5 4.863(-0.137)
    5 4.467(-0.533)
    5 4.286(-0.714)
    5 4.470(-0.530)
    3 3.013(0.013)
    4 3.791(-0.209)
    2 2.510(0.510)
    4 3.842(-0.158)
    5 4.982(-0.018)
    5 4.956(-0.044)
    5 4.863(-0.137)
    5 4.683(-0.317)
    2 2.818(0.818)
    5 4.753(-0.247)
    4 4.250(0.250)
    5 4.313(-0.687)
    4 3.871(-0.129)
    3 3.662(0.662)
    5 4.704(-0.296)
    5 4.738(-0.262)
    3 2.883(-0.117)
    5 4.982(-0.018)
    4 3.941(-0.059)
    5 4.263(-0.737)
    4 3.970(-0.030)
    1 1.367(0.367)
    5 4.306(-0.694)
    5 4.453(-0.547)
    5 4.800(-0.200)
    5 5.000(0.000)
    5 5.000(0.000)
    5 4.711(-0.289)
    3 3.271(0.271)
    5 4.750(-0.250)
    4 3.994(-0.006)
    4 3.950(-0.050)
    4 4.075(0.075)
    5 4.652(-0.348)
    5 4.550(-0.450)
    5 4.567(-0.433)
    4 3.450(-0.550)
    2 2.471(0.471)
    3 3.027(0.027)
    5 4.441(-0.559)
    5 4.488(-0.512)
    3 3.396(0.396)
    5 4.450(-0.550)
    5 4.863(-0.137)
    5 4.825(-0.175)
    4 4.158(0.158)
    4 4.318(0.318)
    4 4.041(0.041)
    5 4.613(-0.387)
    5 5.000(0.000)
    5 5.000(0.000)
    5 5.000(0.000)
    5 4.836(-0.164)
    1 1.350(0.350)
    5 5.000(0.000)
    4 3.725(-0.275)
    3 3.660(0.660)
    5 4.448(-0.552)
    3 3.132(0.132)
    5 4.800(-0.200)
    5 4.770(-0.230)
    4 3.984(-0.016)
    4 3.717(-0.283)
    4 3.889(-0.111)
    4 3.821(-0.179)
    5 4.186(-0.814)
    5 4.090(-0.910)
    4 4.272(0.272)
    5 4.800(-0.200)
    5 4.257(-0.743)
    5 4.867(-0.133)
    5 4.988(-0.012)
    5 5.000(0.000)
    4 4.075(0.075)
    5 4.717(-0.283)
    5 4.565(-0.435)
    5 4.411(-0.589)
    5 4.535(-0.465)
    4 4.062(0.062)
    5 4.222(-0.778)
    5 4.829(-0.171)
    5 4.750(-0.250)
    5 4.638(-0.362)
    5 4.956(-0.044)
    5 4.425(-0.575)
    5 4.438(-0.562)
    5 4.975(-0.025)
    5 5.000(0.000)
    5 5.000(0.000)
    5 4.254(-0.746)
    5 4.669(-0.331)
    5 4.433(-0.567)
    5 4.274(-0.726)
    3 3.050(0.050)
    5 4.338(-0.662)
    3 2.925(-0.075)
    5 4.626(-0.374)
    5 4.505(-0.495)
    5 4.541(-0.459)
    5 4.800(-0.200)
    5 4.377(-0.623)
    5 4.283(-0.717)
    5 4.341(-0.659)
    5 4.786(-0.214)
    5 4.686(-0.314)
    3 3.182(0.182)
    5 4.483(-0.517)
    5 4.300(-0.700)
    5 4.724(-0.276)
    5 5.000(0.000)
    5 5.000(0.000)
    5 5.000(0.000)
    5 4.775(-0.225)
    5 4.992(-0.008)
    5 4.703(-0.297)
    5 4.733(-0.267)
    5 4.550(-0.450)
    5 4.956(-0.044)
    5 4.760(-0.240)
    5 4.355(-0.645)
    1 1.388(0.388)
    1 1.521(0.521)
    5 4.508(-0.492)
    5 4.769(-0.231)
    5 4.300(-0.700)
    5 4.764(-0.236)
    5 5.000(0.000)
    5 4.606(-0.394)
    3 3.192(0.192)
    2 2.363(0.363)
    4 3.784(-0.216)
    4 3.729(-0.271)
    1 2.485(1.485)
    5 4.784(-0.216)
    5 4.838(-0.162)
    5 5.000(0.000)
    5 5.000(0.000)
    5 5.000(0.000)
    5 5.000(0.000)
    1 1.604(0.604)
    4 3.863(-0.137)
    4 3.583(-0.417)
    5 4.236(-0.764)
    5 4.975(-0.025)
    4 4.017(0.017)
    5 4.606(-0.394)
    4 4.119(0.119)
    1 1.867(0.867)
    5 4.914(-0.086)
    4 3.993(-0.007)
    5 4.356(-0.644)
    5 4.825(-0.175)
    5 4.925(-0.075)
    5 4.717(-0.283)
    3 3.700(0.700)
    4 4.018(0.018)
    5 4.517(-0.483)
    5 4.627(-0.373)
    5 4.845(-0.155)
    5 4.800(-0.200)
    5 5.000(0.000)
    5 4.717(-0.283)
    4 3.800(-0.200)
    5 4.576(-0.424)
    5 4.522(-0.478)
    5 4.863(-0.137)
    5 5.000(0.000)
    5 4.956(-0.044)
    3 2.996(-0.004)
    5 4.654(-0.346)
    5 4.789(-0.211)
    3 3.617(0.617)
    2 2.234(0.234)
    5 4.875(-0.125)
    5 4.628(-0.372)
    5 4.394(-0.606)
    5 4.863(-0.137)
    2 2.450(0.450)
    4 3.950(-0.050)
    5 5.000(0.000)
    4 3.856(-0.144)
    5 4.592(-0.408)
    5 4.550(-0.450)
    5 4.775(-0.225)
    4 3.874(-0.126)
    5 4.800(-0.200)
    5 4.744(-0.256)
    5 4.572(-0.428)
    2 2.770(0.770)
    2 2.403(0.403)
    5 4.764(-0.236)
    5 4.735(-0.265)
    5 4.502(-0.498)
    5 4.516(-0.484)
    4 3.900(-0.100)
    5 4.773(-0.227)
    4 3.645(-0.355)
    3 2.950(-0.050)
    3 3.036(0.036)
    2 2.793(0.793)
    4 3.971(-0.029)
    5 4.839(-0.161)
    5 4.523(-0.477)
    5 4.753(-0.247)
    5 4.800(-0.200)
    5 4.813(-0.187)
    5 5.000(0.000)
    5 4.729(-0.271)
    5 4.722(-0.278)
    5 4.764(-0.236)
    5 4.815(-0.185)
    3 2.995(-0.005)
    5 4.502(-0.498)
    5 4.746(-0.254)
    5 5.000(0.000)
    4 4.050(0.050)
    5 4.729(-0.271)
    5 5.000(0.000)
    5 5.000(0.000)
    5 5.000(0.000)
    5 4.996(-0.004)
    5 4.354(-0.646)
    4 3.900(-0.100)
    4 3.688(-0.312)
    2 2.495(0.495)
    4 3.829(-0.171)
    4 3.706(-0.294)
    4 4.025(0.025)
    5 4.453(-0.547)
    5 4.500(-0.500)
    1 1.325(0.325)
    1 1.617(0.617)
    1 1.314(0.314)
    1 1.350(0.350)
    4 3.725(-0.275)
    4 4.098(0.098)
    4 4.354(0.354)
    5 4.159(-0.841)
    5 5.000(0.000)
    4 4.271(0.271)
    5 4.836(-0.164)
    5 4.967(-0.033)
    4 3.977(-0.023)
    5 5.000(0.000)
    4 3.956(-0.044)
    5 4.914(-0.086)
    5 4.746(-0.254)
    5 4.733(-0.267)
    5 4.943(-0.057)
    5 5.000(0.000)
    5 4.475(-0.525)
    5 4.842(-0.158)
    5 4.152(-0.848)
    4 4.004(0.004)
    4 3.988(-0.012)
    1 2.108(1.108)
    4 4.069(0.069)
    5 4.608(-0.392)
    1 1.050(0.050)
    1 1.050(0.050)
    2 2.617(0.617)
    1 1.807(0.807)
    5 4.456(-0.544)
    2 1.979(-0.021)
    4 3.870(-0.130)
    5 4.863(-0.137)
    5 4.943(-0.057)
    5 4.314(-0.686)
    5 4.914(-0.086)
    5 4.488(-0.512)
    5 5.000(0.000)
    5 4.925(-0.075)
    5 4.729(-0.271)
    5 5.000(0.000)
    5 5.000(0.000)
    5 5.000(0.000)
    5 4.863(-0.137)
    5 4.221(-0.779)
    5 5.000(0.000)
    5 4.696(-0.304)
    5 4.514(-0.486)
    5 4.733(-0.267)
    3 3.349(0.349)
    5 4.550(-0.450)
    3 3.131(0.131)
    5 5.000(0.000)
    5 4.883(-0.117)
    5 4.883(-0.117)
    5 4.518(-0.482)
    2 2.460(0.460)
    5 4.321(-0.679)
    1 1.050(0.050)
    1 1.050(0.050)
    5 4.465(-0.535)
    5 4.550(-0.450)
    4 4.004(0.004)
    5 4.711(-0.289)
    5 4.950(-0.050)
    5 4.683(-0.317)
    5 4.300(-0.700)
    2 1.986(-0.014)
    5 4.638(-0.362)
    5 4.225(-0.775)
    4 3.905(-0.095)
    5 4.863(-0.137)
    5 4.900(-0.100)
    5 4.943(-0.057)
    5 4.729(-0.271)
    2 2.713(0.713)
    5 4.550(-0.450)
    4 3.889(-0.111)
    5 4.533(-0.467)
    5 4.616(-0.384)
    5 4.800(-0.200)
    5 4.722(-0.278)
    5 4.488(-0.512)
    5 4.825(-0.175)
    5 4.800(-0.200)
    5 4.784(-0.216)
    5 5.000(0.000)
    5 4.667(-0.333)
    5 4.433(-0.567)
    5 4.456(-0.544)
    5 4.589(-0.411)
    4 3.900(-0.100)
    3 3.098(0.098)
    5 4.266(-0.734)
    1 1.875(0.875)
    4 3.966(-0.034)
    5 4.670(-0.330)
    3 3.028(0.028)
    5 4.925(-0.075)
    5 4.581(-0.419)
    5 5.000(0.000)
    5 4.850(-0.150)
    5 4.182(-0.818)
    3 3.459(0.459)
    2 2.617(0.617)
    5 4.824(-0.176)
    3 3.200(0.200)
    4 4.200(0.200)
    3 3.008(0.008)
    5 4.516(-0.484)
    5 4.543(-0.457)
    3 3.190(0.190)
    5 5.000(0.000)
    2 2.675(0.675)
    4 3.732(-0.268)
    4 3.714(-0.286)
    5 5.000(0.000)
    4 3.874(-0.126)
    5 5.000(0.000)
    3 3.307(0.307)
    5 4.165(-0.835)
    5 4.550(-0.450)
    5 5.000(0.000)
    4 3.682(-0.318)
    5 4.568(-0.432)
    4 3.964(-0.036)
    5 4.086(-0.914)
    5 4.521(-0.479)
    4 3.780(-0.220)
    4 4.117(0.117)
    5 4.764(-0.236)
    4 3.995(-0.005)
    5 4.621(-0.379)
    5 3.996(-1.004)
    4 3.968(-0.032)
    5 4.530(-0.470)
    4 4.150(0.150)
    5 4.033(-0.967)
    5 4.256(-0.744)
    5 4.511(-0.489)
    3 3.144(0.144)
    2 2.798(0.798)
    5 4.956(-0.044)
    5 4.618(-0.382)
    4 3.935(-0.065)
    5 5.000(0.000)
    5 4.407(-0.593)
    5 4.517(-0.483)
    5 4.344(-0.656)
    5 4.550(-0.450)
    5 4.738(-0.262)
    4 4.252(0.252)
    5 4.238(-0.762)
    5 4.511(-0.489)
    4 3.717(-0.283)
    4 4.228(0.228)
    4 4.050(0.050)
    4 4.117(0.117)
    4 3.953(-0.047)
    1 2.695(1.695)
    1 2.454(1.454)
    4 4.021(0.021)
    4 3.893(-0.107)
    4 3.994(-0.006)
    5 4.575(-0.425)
    5 4.900(-0.100)
    5 4.836(-0.164)
    5 4.943(-0.057)
    5 5.000(0.000)
    5 5.000(0.000)
    2 2.033(0.033)
    5 4.363(-0.637)
    5 4.683(-0.317)
    5 4.659(-0.341)
    5 5.000(0.000)
    5 4.850(-0.150)
    4 3.836(-0.164)
    4 3.992(-0.008)
    4 4.050(0.050)
    5 4.686(-0.314)
    1 1.533(0.533)
    4 4.027(0.027)
    5 4.778(-0.222)
    5 4.914(-0.086)
    5 4.352(-0.648)
    5 4.609(-0.391)
    5 4.371(-0.629)
    5 4.387(-0.613)
    5 4.729(-0.271)
    5 4.800(-0.200)
    5 4.925(-0.075)
    1 1.700(0.700)
    5 4.629(-0.371)
    3 3.314(0.314)
    2 2.464(0.464)
    2 2.041(0.041)
    5 4.988(-0.012)
    5 5.000(0.000)
    5 5.000(0.000)
    5 3.862(-1.138)
    1 2.208(1.208)
    5 4.865(-0.135)
    5 4.650(-0.350)
    3 2.974(-0.026)
    5 4.956(-0.044)
    5 4.956(-0.044)
    5 4.956(-0.044)
    5 4.943(-0.057)
    5 4.925(-0.075)
    4 3.925(-0.075)
    4 4.106(0.106)
    5 4.800(-0.200)
    5 4.550(-0.450)
    5 4.783(-0.217)
    3 3.388(0.388)
    5 4.451(-0.549)
    5 4.569(-0.431)
    5 5.000(0.000)
    5 4.633(-0.367)
    3 3.169(0.169)
    3 3.073(0.073)
    5 4.850(-0.150)
    3 3.388(0.388)
    3 3.003(0.003)
    5 4.606(-0.394)
    5 4.340(-0.660)
    5 4.982(-0.018)
    5 4.750(-0.250)
    2 2.356(0.356)
    5 5.000(0.000)
    5 4.956(-0.044)
    3 3.131(0.131)
    5 4.795(-0.205)
    5 4.896(-0.104)
    5 4.494(-0.506)
    4 3.704(-0.296)
    4 4.074(0.074)
    4 4.223(0.223)
    5 4.579(-0.421)
    4 3.915(-0.085)
    4 3.727(-0.273)
    5 4.494(-0.506)
    3 3.411(0.411)
    1 1.350(0.350)
    5 4.503(-0.497)
    5 4.717(-0.283)
    5 5.000(0.000)
    5 5.000(0.000)
    3 3.394(0.394)
    5 4.675(-0.325)
    5 4.914(-0.086)
    4 3.563(-0.437)
    3 3.295(0.295)
    3 3.293(0.293)
    5 4.002(-0.998)
    3 3.294(0.294)
    3 3.478(0.478)
    5 4.525(-0.475)
    5 4.325(-0.675)
    5 4.800(-0.200)
    4 3.606(-0.394)
    3 2.956(-0.044)
    5 4.650(-0.350)
    4 4.050(0.050)
    5 4.836(-0.164)
    5 4.956(-0.044)
    5 4.777(-0.223)
    5 5.000(0.000)
    5 5.000(0.000)
    5 4.874(-0.126)
    5 4.682(-0.318)
    4 3.945(-0.055)
    5 4.633(-0.367)
    5 5.000(0.000)
    5 4.578(-0.422)
    5 4.827(-0.173)
    5 4.557(-0.443)
    5 4.415(-0.585)
    5 4.324(-0.676)
    5 4.663(-0.337)
    5 4.550(-0.450)
    5 4.534(-0.466)
    4 3.959(-0.041)
    5 5.000(0.000)
    1 1.641(0.641)
    1 1.492(0.492)
    1 1.722(0.722)
    1 1.529(0.529)
    4 3.636(-0.364)
    5 4.774(-0.226)
    5 4.488(-0.512)
    5 4.769(-0.231)
    4 3.975(-0.025)
    4 4.000(0.000)
    4 3.982(-0.018)
    4 4.075(0.075)
    4 3.969(-0.031)
    4 3.772(-0.228)
    4 4.017(0.017)
    4 3.771(-0.229)
    5 4.675(-0.325)
    4 3.881(-0.119)
    5 4.550(-0.450)
    4 4.109(0.109)
    5 4.411(-0.589)
    5 4.821(-0.179)
    3 3.313(0.313)
    1 1.778(0.778)
    3 2.946(-0.054)
    5 4.742(-0.258)
    5 4.550(-0.450)
    4 3.967(-0.033)
    2 2.853(0.853)
    1 1.050(0.050)
    5 4.256(-0.744)
    5 4.281(-0.719)
    5 4.490(-0.510)
    5 4.495(-0.505)
    5 4.550(-0.450)
    5 4.514(-0.486)
    5 5.000(0.000)
    5 4.863(-0.137)
    5 4.800(-0.200)
    5 4.407(-0.593)
    3 3.291(0.291)
    3 2.800(-0.200)
    5 4.590(-0.410)
    5 4.675(-0.325)
    5 4.625(-0.375)
    3 3.025(0.025)
    5 4.398(-0.602)
    4 3.869(-0.131)
    1 1.350(0.350)
    5 4.925(-0.075)
    5 4.950(-0.050)
    5 4.273(-0.727)
    5 4.900(-0.100)
    5 4.717(-0.283)
    5 4.633(-0.367)
    5 4.850(-0.150)
    5 4.777(-0.223)
    5 4.596(-0.404)
    5 4.640(-0.360)
    5 4.809(-0.191)
    5 4.748(-0.252)
    5 4.567(-0.433)
    5 4.890(-0.110)
    3 3.048(0.048)
    3 3.050(0.050)
    5 5.000(0.000)
    5 4.525(-0.475)
    5 5.000(0.000)
    5 5.000(0.000)
    5 4.479(-0.521)
    4 3.999(-0.001)
    2 3.047(1.047)
    5 4.703(-0.297)
    5 4.663(-0.337)
    5 4.670(-0.330)
    5 4.606(-0.394)
    5 4.883(-0.117)
    5 4.900(-0.100)
    5 4.520(-0.480)
    5 4.784(-0.216)
    5 4.482(-0.518)
    5 4.479(-0.521)
    3 3.117(0.117)
    4 3.976(-0.024)
    5 4.900(-0.100)
    5 4.863(-0.137)
    5 4.613(-0.387)
    5 4.646(-0.354)
    5 4.636(-0.364)
    5 4.361(-0.639)
    5 4.863(-0.137)
    5 4.863(-0.137)
    5 4.863(-0.137)
    5 4.363(-0.637)
    4 3.988(-0.012)
    5 4.925(-0.075)
    5 4.613(-0.387)
    2 2.521(0.521)
    2 2.209(0.209)
    5 4.575(-0.425)
    5 4.633(-0.367)
    5 4.863(-0.137)
    5 4.717(-0.283)
    5 4.742(-0.258)
    3 3.279(0.279)
    3 3.171(0.171)
    3 3.075(0.075)
    5 4.975(-0.025)
    5 4.988(-0.012)
    5 5.000(0.000)
    4 4.008(0.008)
    4 4.303(0.303)
    4 3.706(-0.294)
    5 4.975(-0.025)
    5 4.943(-0.057)
    5 4.661(-0.339)
    3 3.053(0.053)
    5 4.598(-0.402)
    1 1.847(0.847)
    5 4.900(-0.100)
    4 4.019(0.019)
    5 4.836(-0.164)
    4 4.059(0.059)
    4 4.132(0.132)
    5 4.683(-0.317)
    5 4.534(-0.466)
    5 4.838(-0.162)
    5 4.312(-0.688)
    5 4.117(-0.883)
    2 2.550(0.550)
    5 4.434(-0.566)
    5 4.296(-0.704)
    5 4.645(-0.355)
    5 4.561(-0.439)
    5 4.887(-0.113)
    4 4.175(0.175)
    5 4.863(-0.137)
    5 4.211(-0.789)
    2 2.450(0.450)
    5 5.000(0.000)
    5 4.729(-0.271)
    5 5.000(0.000)
    5 4.357(-0.643)
    4 3.972(-0.028)
    4 3.787(-0.213)
    5 5.000(0.000)
    5 5.000(0.000)
    2 2.431(0.431)
    5 4.457(-0.543)
    1 1.669(0.669)
    5 4.550(-0.450)
    5 5.000(0.000)
    5 4.800(-0.200)
    5 4.331(-0.669)
    5 5.000(0.000)
    1 2.055(1.055)
    3 2.731(-0.269)
    5 5.000(0.000)
    1 1.228(0.228)
    1 1.669(0.669)
    5 4.863(-0.137)
    5 4.654(-0.346)
    5 4.186(-0.814)
    5 4.397(-0.603)
    5 4.967(-0.033)
    1 2.459(1.459)
    4 3.766(-0.234)
    5 4.774(-0.226)
    5 4.917(-0.083)
    5 4.550(-0.450)
    5 4.601(-0.399)
    5 4.856(-0.144)
    5 4.371(-0.629)
    4 4.108(0.108)
    5 4.750(-0.250)
    4 4.013(0.013)
    5 4.967(-0.033)
    5 4.925(-0.075)
    5 5.000(0.000)
    5 4.975(-0.025)
    5 5.000(0.000)
    5 5.000(0.000)
    3 3.174(0.174)
    5 4.863(-0.137)
    5 4.828(-0.172)
    5 4.512(-0.488)
    5 4.654(-0.346)
    5 4.550(-0.450)
    5 4.762(-0.238)
    5 4.982(-0.018)
    5 4.975(-0.025)
    3 3.756(0.756)
    2 2.375(0.375)
    5 4.440(-0.560)
    5 4.535(-0.465)
    5 4.522(-0.478)
    4 3.630(-0.370)
    5 4.594(-0.406)
    5 4.070(-0.930)
    4 3.880(-0.120)
    5 4.943(-0.057)
    1 1.792(0.792)
    5 4.479(-0.521)
    5 5.000(0.000)
    3 2.975(-0.025)
    4 3.755(-0.245)
    4 4.005(0.005)
    4 4.200(0.200)
    5 4.816(-0.184)
    5 4.491(-0.509)
    2 2.405(0.405)
    3 3.303(0.303)
    5 5.000(0.000)
    5 4.956(-0.044)
    2 2.422(0.422)
    3 3.181(0.181)
    5 4.887(-0.113)
    5 4.992(-0.008)
    2 3.671(1.671)
    5 4.092(-0.908)
    3 2.973(-0.027)
    5 4.289(-0.711)
    5 4.600(-0.400)

Average Error: 0.299
Correlation: 0.961
Inversion Count: 185
