    5 4.111(0.889)
    4 3.806(0.194)
    5 4.482(0.518)
    3 3.520(-0.520)
    5 4.444(0.556)
    5 4.889(0.111)
    5 4.717(0.283)
    5 4.786(0.214)
    5 4.288(0.712)
    1 1.271(-0.271)
    5 4.625(0.375)
    5 5.000(0.000)
    5 5.000(0.000)
    1 1.125(-0.125)
    1 1.278(-0.278)
    5 4.500(0.500)
    5 5.000(0.000)
    1 1.000(0.000)
    5 5.000(0.000)
    1 1.203(-0.203)
    5 4.500(0.500)
    5 4.534(0.466)
    5 4.500(0.500)
    4 3.865(0.135)
    4 3.875(0.125)
    4 3.917(0.083)
    5 4.600(0.400)
    5 5.000(0.000)
    5 4.875(0.125)
    5 4.469(0.531)
    5 4.439(0.561)
    5 4.813(0.188)
    5 4.813(0.188)
    5 4.827(0.173)
    4 4.202(-0.202)
    4 4.125(-0.125)
    5 4.500(0.500)
    3 3.768(-0.768)
    3 3.396(-0.396)
    4 3.969(0.031)
    3 3.100(-0.100)
    4 3.972(0.028)
    4 3.775(0.225)
    4 3.883(0.117)
    5 5.000(0.000)
    1 1.542(-0.542)
    5 5.000(0.000)
    3 3.604(-0.604)
    5 4.510(0.490)
    5 4.813(0.188)
    5 5.000(0.000)
    4 3.820(0.180)
    3 3.340(-0.340)
    1 2.949(-1.949)
    5 4.786(0.214)
    5 4.732(0.268)
    5 5.000(0.000)
    2 2.050(-0.050)
    3 3.346(-0.346)
    5 5.000(0.000)
    5 4.742(0.258)
    3 3.250(-0.250)
    4 3.938(0.063)
    5 4.833(0.167)
    2 2.293(-0.293)
    3 2.838(0.162)
    5 4.250(0.750)
    4 3.614(0.386)
    3 3.225(-0.225)
    5 4.000(1.000)
    3 3.063(-0.063)
    2 1.935(0.065)
    2 2.250(-0.250)
    3 3.250(-0.250)
    5 4.250(0.750)
    4 4.250(-0.250)
    5 4.554(0.446)
    5 4.145(0.855)
    4 4.317(-0.317)
    5 4.000(1.000)
    4 3.764(0.236)
    4 4.000(0.000)
    4 3.889(0.111)
    3 3.431(-0.431)
    4 3.610(0.390)
    5 4.612(0.388)
    4 3.738(0.263)
    4 3.824(0.176)
    4 4.176(-0.176)
    3 3.184(-0.184)
    5 4.717(0.283)
    4 3.882(0.118)
    3 3.107(-0.107)
    5 4.750(0.250)
    3 3.770(-0.770)
    5 4.263(0.737)
    4 3.563(0.438)
    2 2.071(-0.071)
    5 4.481(0.519)
    3 3.000(0.000)
    5 5.000(0.000)
    5 4.679(0.321)
    4 4.058(-0.058)
    5 5.000(0.000)
    2 2.413(-0.413)
    4 4.409(-0.409)
    5 4.320(0.680)
    5 4.156(0.844)
    5 4.767(0.233)
    5 5.000(0.000)
    5 5.000(0.000)
    3 2.969(0.031)
    5 4.400(0.600)
    5 5.000(0.000)
    5 4.576(0.424)
    5 4.652(0.348)
    5 4.514(0.486)
    5 4.218(0.782)
    5 4.250(0.750)
    4 4.250(-0.250)
    5 4.917(0.083)
    5 5.000(0.000)
    4 3.565(0.435)
    2 1.942(0.058)
    5 4.833(0.167)
    5 4.577(0.423)
    5 5.000(0.000)
    3 3.300(-0.300)
    1 1.457(-0.457)
    5 4.750(0.250)
    5 5.000(0.000)
    5 4.932(0.068)
    4 4.050(-0.050)
    5 4.356(0.644)
    3 3.341(-0.341)
    4 3.850(0.150)
    4 3.925(0.075)
    4 4.068(-0.068)
    3 3.450(-0.450)
    3 3.361(-0.361)
    5 4.288(0.712)
    5 5.000(0.000)
    4 3.938(0.063)
    4 3.806(0.194)
    5 4.183(0.817)
    5 4.242(0.758)
    5 4.500(0.500)
    4 4.200(-0.200)
    4 3.923(0.077)
    5 4.661(0.339)
    5 5.000(0.000)
    3 4.000(-1.000)
    4 4.333(-0.333)
    5 4.568(0.432)
    4 4.432(-0.432)
    5 5.000(0.000)
    5 4.850(0.150)
    4 3.400(0.600)
    4 3.667(0.333)
    4 4.150(-0.150)
    4 3.844(0.156)
    5 5.000(0.000)
    5 4.472(0.528)
    5 4.932(0.068)
    5 4.375(0.625)
    4 4.272(-0.272)
    5 4.544(0.456)
    5 4.336(0.664)
    5 4.457(0.543)
    5 4.552(0.448)
    5 4.373(0.627)
    5 4.265(0.735)
    5 4.297(0.703)
    5 4.542(0.458)
    5 4.946(0.054)
    5 4.635(0.365)
    4 4.125(-0.125)
    5 4.813(0.188)
    5 5.000(0.000)
    4 3.650(0.350)
    3 3.250(-0.250)
    1 2.885(-1.885)
    4 3.913(0.087)
    5 4.396(0.604)
    5 4.893(0.107)
    4 4.317(-0.317)
    1 1.267(-0.267)
    5 5.000(0.000)
    5 4.875(0.125)
    5 4.712(0.288)
    4 4.156(-0.156)
    4 4.429(-0.429)
    2 2.286(-0.286)
    4 4.094(-0.094)
    5 3.997(1.003)
    2 2.929(-0.929)
    4 3.964(0.036)
    5 4.558(0.442)
    5 4.352(0.648)
    4 4.000(0.000)
    5 4.661(0.339)
    1 1.364(-0.364)
    1 1.000(0.000)
    5 4.813(0.188)
    5 4.917(0.083)
    5 4.917(0.083)
    1 1.278(-0.278)
    3 3.833(-0.833)
    5 4.500(0.500)
    5 4.040(0.960)
    5 4.333(0.667)
    3 3.227(-0.227)
    3 3.583(-0.583)
    5 4.813(0.188)
    5 4.917(0.083)
    5 4.450(0.550)
    5 4.875(0.125)
    3 2.875(0.125)
    4 3.944(0.056)
    4 4.000(0.000)
    5 4.875(0.125)
    5 4.750(0.250)
    5 5.000(0.000)
    5 4.735(0.265)
    5 3.964(1.036)
    5 4.440(0.560)
    5 4.500(0.500)
    3 3.100(-0.100)
    5 4.571(0.429)
    5 4.375(0.625)
    5 4.450(0.550)
    5 4.522(0.478)
    5 4.076(0.924)
    3 3.000(0.000)
    5 4.389(0.611)
    4 4.132(-0.132)
    1 1.500(-0.500)
    5 4.614(0.386)
    5 4.300(0.700)
    5 4.722(0.278)
    4 4.333(-0.333)
    5 4.917(0.083)
    5 5.000(0.000)
    5 4.550(0.450)
    5 4.480(0.520)
    4 3.875(0.125)
    3 3.077(-0.077)
    4 4.347(-0.347)
    3 3.963(-0.962)
    4 4.083(-0.083)
    4 4.031(-0.031)
    5 5.000(0.000)
    5 5.000(0.000)
    5 4.750(0.250)
    5 4.850(0.150)
    4 3.833(0.167)
    4 4.083(-0.083)
    4 3.735(0.265)
    4 3.920(0.080)
    5 4.690(0.310)
    4 3.545(0.455)
    5 4.180(0.820)
    5 4.500(0.500)
    5 4.946(0.054)
    5 4.417(0.583)
    5 4.529(0.471)
    5 4.556(0.444)
    5 5.000(0.000)
    5 4.554(0.446)
    2 2.510(-0.510)
    5 4.925(0.075)
    3 3.167(-0.167)
    5 4.308(0.692)
    4 4.071(-0.071)
    5 4.700(0.300)
    5 4.731(0.269)
    5 4.750(0.250)
    5 4.500(0.500)
    3 3.681(-0.681)
    4 4.087(-0.087)
    4 4.129(-0.129)
    5 4.618(0.382)
    5 4.500(0.500)
    5 5.000(0.000)
    5 5.000(0.000)
    5 4.619(0.381)
    5 5.000(0.000)
    5 5.000(0.000)
    4 4.375(-0.375)
    4 4.250(-0.250)
    4 4.375(-0.375)
    4 4.250(-0.250)
    5 5.000(0.000)
    5 4.611(0.389)
    5 5.000(0.000)
    5 4.733(0.267)
    5 4.750(0.250)
    5 5.000(0.000)
    5 4.703(0.297)
    4 4.113(-0.113)
    5 5.000(0.000)
    4 4.200(-0.200)
    5 4.875(0.125)
    4 3.857(0.143)
    5 4.200(0.800)
    5 5.000(0.000)
    5 5.000(0.000)
    2 1.800(0.200)
    5 5.000(0.000)
    5 4.525(0.475)
    5 4.554(0.446)
    5 4.250(0.750)
    5 4.200(0.800)
    5 4.330(0.670)
    5 5.000(0.000)
    5 4.833(0.167)
    1 2.036(-1.036)
    1 1.250(-0.250)
    4 4.150(-0.150)
    3 2.500(0.500)
    5 4.344(0.656)
    4 3.723(0.277)
    5 4.415(0.585)
    5 4.389(0.611)
    5 4.583(0.417)
    5 4.774(0.226)
    5 5.000(0.000)
    5 5.000(0.000)
    5 4.579(0.421)
    5 4.568(0.432)
    5 4.789(0.211)
    5 4.634(0.366)
    5 4.800(0.200)
    3 2.844(0.156)
    3 2.798(0.202)
    4 3.929(0.071)
    5 4.417(0.583)
    4 4.000(0.000)
    1 1.781(-0.781)
    5 4.774(0.226)
    5 4.053(0.947)
    5 5.000(0.000)
    3 2.500(0.500)
    5 4.625(0.375)
    4 4.083(-0.083)
    4 3.821(0.179)
    4 4.271(-0.271)
    4 3.773(0.227)
    4 4.038(-0.038)
    4 3.672(0.328)
    5 4.086(0.914)
    5 4.349(0.651)
    4 4.044(-0.044)
    5 4.527(0.473)
    5 4.336(0.664)
    3 3.401(-0.401)
    3 3.417(-0.417)
    4 3.703(0.297)
    5 5.000(0.000)
    5 4.750(0.250)
    5 3.815(1.185)
    3 3.313(-0.313)
    4 3.900(0.100)
    5 4.393(0.607)
    5 4.250(0.750)
    5 4.350(0.650)
    5 4.625(0.375)
    5 4.750(0.250)
    4 3.906(0.094)
    5 4.683(0.317)
    5 5.000(0.000)
    5 4.472(0.528)
    5 4.676(0.324)
    5 4.471(0.529)
    4 3.847(0.153)
    5 4.166(0.834)
    5 5.000(0.000)
    5 5.000(0.000)
    5 4.470(0.530)
    5 4.893(0.107)
    1 1.156(-0.156)
    1 1.500(-0.500)
    5 4.568(0.432)
    5 4.750(0.250)
    5 4.800(0.200)
    4 3.800(0.200)
    4 4.000(0.000)
    5 4.625(0.375)
    4 4.275(-0.275)
    4 4.550(-0.550)
    4 4.318(-0.318)
    4 3.988(0.012)
    4 4.046(-0.046)
    3 2.786(0.214)
    3 2.788(0.212)
    5 5.000(0.000)
    1 1.651(-0.651)
    2 2.519(-0.519)
    4 3.855(0.145)
    3 3.295(-0.295)
    4 3.705(0.295)
    5 4.127(0.873)
    4 4.021(-0.021)
    4 4.116(-0.116)
    5 4.319(0.681)
    5 4.589(0.411)
    5 5.000(0.000)
    5 5.000(0.000)
    5 5.000(0.000)
    4 4.214(-0.214)
    4 3.735(0.265)
    5 4.513(0.487)
    5 4.513(0.487)
    5 4.627(0.373)
    5 4.386(0.614)
    1 2.181(-1.181)
    5 4.384(0.616)
    5 4.254(0.746)
    5 4.634(0.366)
    5 4.569(0.431)
    5 4.291(0.709)
    5 4.481(0.519)
    5 4.850(0.150)
    5 4.875(0.125)
    5 4.200(0.800)
    4 3.746(0.254)
    5 4.306(0.694)
    5 4.636(0.364)
    5 4.683(0.317)
    5 5.000(0.000)
    4 4.170(-0.170)
    5 4.810(0.190)
    5 4.266(0.734)
    4 3.906(0.094)
    5 4.912(0.088)
    4 4.721(-0.721)
    4 4.500(-0.500)
    4 3.820(0.180)
    5 4.906(0.094)
    5 4.429(0.571)
    4 3.833(0.167)
    5 4.197(0.803)
    1 2.000(-1.000)
    1 1.902(-0.902)
    5 5.000(0.000)
    5 4.205(0.795)
    1 1.000(0.000)
    5 4.563(0.438)
    1 1.000(0.000)
    5 4.667(0.333)
    5 4.786(0.214)
    5 5.000(0.000)
    4 4.000(0.000)
    4 4.217(-0.217)
    5 5.000(0.000)
    5 5.000(0.000)
    5 5.000(0.000)
    2 2.214(-0.214)
    5 4.286(0.714)
    5 4.429(0.571)
    5 4.942(0.058)
    5 5.000(0.000)
    5 5.000(0.000)
    5 4.556(0.444)
    5 4.667(0.333)
    5 4.335(0.665)
    5 4.575(0.425)
    5 5.000(0.000)
    5 5.000(0.000)
    5 5.000(0.000)
    3 2.850(0.150)
    3 3.583(-0.583)
    2 2.500(-0.500)
    5 5.000(0.000)
    4 3.896(0.104)
    4 3.875(0.125)
    3 3.250(-0.250)
    5 5.000(0.000)
    3 3.288(-0.288)
    5 4.333(0.667)
    5 4.680(0.320)
    4 4.321(-0.321)
    5 4.210(0.790)
    5 4.900(0.100)
    5 4.946(0.054)
    2 2.107(-0.107)
    1 1.571(-0.571)
    5 4.333(0.667)
    5 4.369(0.631)
    2 3.261(-1.261)
    5 4.340(0.660)
    4 4.162(-0.162)
    5 4.531(0.469)
    5 4.963(0.037)
    3 2.893(0.107)
    4 4.232(-0.232)
    5 4.728(0.272)
    1 1.981(-0.981)
    5 5.000(0.000)
    4 3.857(0.143)
    5 4.850(0.150)
    5 4.859(0.141)
    5 4.827(0.173)
    5 4.721(0.279)
    1 1.934(-0.934)
    5 4.322(0.678)
    2 2.518(-0.518)
    5 4.906(0.094)
    5 4.400(0.600)
    4 3.786(0.214)
    4 4.028(-0.028)
    1 1.625(-0.625)
    3 3.125(-0.125)
    4 4.050(-0.050)
    5 4.875(0.125)
    5 4.588(0.412)
    5 4.917(0.083)
    4 4.056(-0.056)
    4 3.822(0.178)
    5 5.000(0.000)
    5 4.852(0.148)
    5 4.490(0.510)
    5 4.250(0.750)
    5 4.859(0.141)
    5 5.000(0.000)
    5 3.946(1.054)
    5 4.064(0.936)
    5 4.893(0.107)
    5 4.614(0.386)
    3 2.750(0.250)
    5 4.850(0.150)
    1 1.727(-0.727)
    5 4.813(0.188)
    4 4.167(-0.167)
    5 4.786(0.214)
    5 5.000(0.000)
    5 5.000(0.000)
    4 4.250(-0.250)
    4 3.750(0.250)
    5 5.000(0.000)
    4 4.208(-0.208)
    5 4.850(0.150)
    4 4.486(-0.486)
    5 5.000(0.000)
    3 3.250(-0.250)
    4 3.950(0.050)
    4 3.912(0.088)
    5 5.000(0.000)
    4 4.015(-0.015)
    4 4.333(-0.333)
    5 5.000(0.000)
    2 1.804(0.196)
    2 2.375(-0.375)
    1 1.191(-0.191)
    5 4.199(0.801)
    5 4.470(0.530)
    5 3.902(1.098)
    4 3.895(0.105)
    4 4.250(-0.250)
    4 4.250(-0.250)
    5 5.000(0.000)
    5 4.917(0.083)
    5 5.000(0.000)
    4 3.799(0.201)
    5 4.510(0.490)
    4 4.250(-0.250)
    5 4.661(0.339)
    5 4.321(0.679)
    5 4.893(0.107)
    5 4.625(0.375)
    5 5.000(0.000)
    5 4.727(0.273)
    5 4.859(0.141)
    5 5.000(0.000)
    5 4.893(0.107)
    5 4.838(0.162)
    2 2.830(-0.830)
    5 4.262(0.738)
    5 4.857(0.143)
    4 3.813(0.188)
    5 5.000(0.000)
    5 4.621(0.379)
    5 4.054(0.946)
    4 4.188(-0.188)
    1 1.357(-0.357)
    5 4.633(0.367)
    5 4.576(0.424)
    1 1.719(-0.719)
    3 3.227(-0.227)
    4 4.214(-0.214)
    1 1.232(-0.232)
    5 4.280(0.720)
    3 3.886(-0.886)
    5 3.885(1.115)
    5 4.294(0.706)
    5 4.636(0.364)
    5 4.652(0.348)
    3 3.262(-0.262)
    4 3.801(0.199)
    4 4.030(-0.030)
    5 4.393(0.607)
    5 4.282(0.718)
    2 2.125(-0.125)
    2 2.056(-0.056)
    5 4.667(0.333)
    3 3.386(-0.386)
    1 1.571(-0.571)
    5 4.656(0.344)
    5 4.368(0.632)
    3 3.526(-0.526)
    2 2.617(-0.617)
    5 4.148(0.852)
    4 3.767(0.233)
    5 4.232(0.768)
    4 4.143(-0.143)
    5 4.265(0.735)
    3 3.000(0.000)
    5 4.415(0.585)
    5 4.750(0.250)
    5 4.500(0.500)
    5 4.663(0.337)
    5 4.500(0.500)
    5 5.000(0.000)
    5 4.875(0.125)
    5 5.000(0.000)
    4 3.838(0.162)
    4 4.070(-0.070)
    4 3.920(0.080)
    1 1.208(-0.208)
    4 4.400(-0.400)
    1 1.563(-0.563)
    4 3.753(0.247)
    4 4.222(-0.222)
    5 4.482(0.518)
    3 2.694(0.306)
    5 4.893(0.107)
    1 1.821(-0.821)
    5 5.000(0.000)
    5 4.714(0.286)
    3 3.438(-0.438)
    4 4.147(-0.147)
    1 1.000(0.000)
    4 3.903(0.097)
    4 4.400(-0.400)
    4 3.679(0.321)
    5 3.954(1.046)
    4 3.386(0.614)
    2 2.333(-0.333)
    3 2.855(0.145)
    4 3.955(0.045)
    5 4.813(0.188)
    5 4.750(0.250)
    5 4.857(0.143)
    5 4.368(0.632)
    3 3.438(-0.438)
    5 4.604(0.396)
    5 5.000(0.000)
    5 4.500(0.500)
    4 4.542(-0.542)
    5 4.429(0.571)
    5 4.636(0.364)
    5 5.000(0.000)
    5 4.652(0.348)
    1 1.313(-0.313)
    5 4.733(0.267)
    4 3.709(0.291)
    3 3.273(-0.273)
    5 4.750(0.250)
    3 3.167(-0.167)
    4 4.273(-0.273)
    5 4.750(0.250)
    5 4.850(0.150)
    5 4.418(0.582)
    4 3.843(0.157)
    5 3.682(1.318)
    4 3.625(0.375)
    5 4.719(0.281)
    4 4.167(-0.167)
    5 4.284(0.716)
    5 4.400(0.600)
    5 4.324(0.676)
    5 5.000(0.000)
    5 4.429(0.571)
    1 1.500(-0.500)
    5 4.600(0.400)
    5 5.000(0.000)
    5 4.229(0.771)
    5 4.552(0.448)
    5 4.250(0.750)
    1 1.992(-0.992)
    4 3.841(0.159)
    5 5.000(0.000)
    5 4.242(0.758)
    5 4.453(0.547)
    5 4.625(0.375)
    3 3.803(-0.803)
    5 4.508(0.492)
    4 4.099(-0.099)
    4 3.861(0.139)
    5 4.332(0.668)
    4 4.058(-0.058)
    4 4.190(-0.190)
    5 4.368(0.632)
    1 2.356(-1.356)
    4 4.125(-0.125)
    5 4.469(0.531)
    4 3.630(0.370)
    1 1.000(0.000)
    4 4.273(-0.273)
    2 1.950(0.050)
    4 4.115(-0.115)
    5 4.534(0.466)
    5 4.788(0.213)
    4 3.721(0.279)
    5 4.219(0.781)
    1 1.625(-0.625)
    5 4.492(0.508)
    4 3.875(0.125)
    4 3.750(0.250)
    4 4.438(-0.438)
    4 4.083(-0.083)
    5 4.704(0.296)
    3 2.809(0.191)
    3 2.642(0.358)
    3 2.708(0.292)
    5 4.636(0.364)
    3 3.000(0.000)
    5 5.000(0.000)
    3 2.866(0.134)
    5 4.420(0.580)
    3 3.000(0.000)
    1 1.000(0.000)
    3 3.000(0.000)
    1 1.417(-0.417)
    5 4.714(0.286)
    5 5.000(0.000)
    5 4.513(0.487)
    4 4.167(-0.167)
    5 5.000(0.000)
    5 4.167(0.833)
    5 4.259(0.741)
    4 4.625(-0.625)
    3 3.639(-0.639)
    5 4.283(0.717)
    1 1.250(-0.250)
    4 3.663(0.337)
    1 2.120(-1.120)
    5 4.714(0.286)
    5 4.769(0.231)
    2 2.607(-0.607)
    5 4.217(0.783)
    4 3.784(0.216)
    4 3.903(0.097)
    2 2.887(-0.887)
    5 4.750(0.250)
    5 4.282(0.718)
    5 4.539(0.461)
    4 4.000(0.000)
    5 4.786(0.214)
    4 4.138(-0.138)
    5 4.700(0.300)
    5 4.278(0.722)
    5 4.714(0.286)
    4 4.472(-0.472)
    5 4.308(0.692)
    3 3.656(-0.656)
    5 5.000(0.000)
    5 4.470(0.530)
    5 5.000(0.000)
    5 4.500(0.500)
    4 4.208(-0.208)
    5 5.000(0.000)
    4 3.550(0.450)
    5 4.051(0.949)
    4 3.518(0.482)
    5 4.900(0.100)
    5 4.850(0.150)
    5 4.298(0.702)
    2 2.464(-0.464)
    2 1.969(0.031)
    3 2.775(0.225)
    5 4.625(0.375)
    5 4.700(0.300)
    5 4.343(0.657)
    2 2.856(-0.856)
    3 3.500(-0.500)
    5 5.000(0.000)
    4 3.917(0.083)
    5 4.161(0.839)
    1 1.000(0.000)
    4 4.200(-0.200)
    3 2.625(0.375)
    3 2.625(0.375)
    5 4.906(0.094)
    4 4.050(-0.050)
    3 3.127(-0.127)
    5 4.600(0.400)
    5 4.462(0.538)
    5 4.750(0.250)
    5 4.950(0.050)
    5 4.850(0.150)
    5 4.875(0.125)
    3 3.429(-0.429)
    4 3.750(0.250)
    5 5.000(0.000)
    5 4.475(0.525)
    4 4.250(-0.250)
    4 3.375(0.625)
    5 4.592(0.408)
    5 4.095(0.905)
    1 1.487(-0.487)
    5 4.361(0.639)
    5 4.827(0.173)
    5 4.706(0.294)
    5 4.719(0.281)
    1 1.000(0.000)
    4 3.938(0.063)
    4 3.736(0.264)
    4 3.952(0.048)
    4 3.707(0.293)
    4 3.981(0.019)
    4 4.022(-0.022)
    4 3.950(0.050)
    4 3.911(0.089)
    3 3.621(-0.621)
    3 3.397(-0.397)
    4 3.947(0.053)
    4 4.033(-0.033)
    4 3.974(0.026)
    4 3.935(0.065)
    4 3.882(0.118)
    4 3.800(0.200)
    4 4.050(-0.050)
    3 3.000(0.000)
    5 5.000(0.000)
    5 4.579(0.421)
    5 4.606(0.394)
    5 4.667(0.333)
    5 4.770(0.230)
    5 5.000(0.000)
    2 1.800(0.200)
    3 3.347(-0.347)
    5 4.938(0.063)
    5 4.286(0.714)
    5 4.263(0.737)
    5 4.071(0.929)
    4 3.917(0.083)
    4 4.238(-0.238)
    3 3.483(-0.483)
    4 4.208(-0.208)
    4 3.704(0.296)
    2 3.138(-1.138)
    5 4.500(0.500)
    4 3.820(0.180)
    5 4.600(0.400)
    4 4.010(-0.010)
    5 4.346(0.654)
    4 4.059(-0.059)
    3 3.500(-0.500)
    5 4.390(0.610)
    5 4.545(0.455)
    4 4.013(-0.013)
    5 4.942(0.058)
    4 4.294(-0.294)
    5 4.514(0.486)
    5 4.692(0.308)
    3 3.724(-0.724)
    4 3.658(0.342)
    4 3.858(0.142)
    5 5.000(0.000)
    5 5.000(0.000)
    5 4.663(0.338)
    5 4.292(0.708)
    5 4.656(0.344)
    5 4.720(0.280)
    5 4.614(0.386)
    5 4.583(0.417)
    3 3.643(-0.643)
    5 5.000(0.000)
    5 4.551(0.449)
    5 4.743(0.257)
    2 2.521(-0.521)
    4 4.179(-0.179)
    5 4.280(0.720)
    5 4.378(0.622)
    1 1.211(-0.211)
    1 1.870(-0.870)
    1 1.667(-0.667)
    1 1.706(-0.706)
    1 1.381(-0.381)
    5 4.842(0.158)
    4 4.047(-0.047)
    3 3.350(-0.350)
    2 2.313(-0.313)
    3 3.480(-0.480)
    5 5.000(0.000)
    4 4.000(0.000)
    5 4.679(0.321)
    5 4.625(0.375)
    1 1.643(-0.643)
    5 4.750(0.250)
    3 3.661(-0.661)
    5 4.646(0.354)
    4 4.125(-0.125)
    3 3.536(-0.536)
    5 4.589(0.411)
    5 5.000(0.000)
    4 3.672(0.328)
    3 3.054(-0.054)
    5 5.000(0.000)
    4 3.500(0.500)
    5 5.000(0.000)
    4 4.200(-0.200)
    5 4.789(0.211)
    5 4.426(0.574)
    5 4.460(0.540)
    4 3.588(0.412)
    1 1.705(-0.705)
    4 3.753(0.247)
    3 3.863(-0.863)
    5 4.550(0.450)
    3 3.630(-0.630)
    4 3.835(0.165)
    4 3.667(0.333)
    3 3.563(-0.563)
    4 3.925(0.075)
    5 4.433(0.567)
    5 4.604(0.396)
    5 4.850(0.150)
    5 4.917(0.083)
    5 5.000(0.000)
    5 4.643(0.357)
    3 3.333(-0.333)
    5 4.586(0.414)
    5 4.893(0.107)
    4 3.923(0.077)
    4 3.938(0.063)
    4 3.909(0.091)
    1 2.000(-1.000)
    5 5.000(0.000)
    4 4.000(0.000)
    4 4.028(-0.028)
    5 5.000(0.000)
    4 4.469(-0.469)
    5 5.000(0.000)
    3 3.453(-0.453)
    3 2.959(0.041)
    5 4.500(0.500)
    5 4.750(0.250)
    5 5.000(0.000)
    5 4.795(0.205)
    5 4.775(0.225)
    5 5.000(0.000)
    5 4.736(0.264)
    5 4.600(0.400)
    5 4.583(0.417)
    2 2.410(-0.410)
    2 2.278(-0.278)
    5 3.872(1.128)
    5 3.882(1.118)
    4 4.266(-0.266)
    5 4.385(0.615)
    5 4.813(0.188)
    5 4.893(0.107)
    4 4.039(-0.039)
    3 3.438(-0.438)
    4 4.104(-0.104)
    5 4.040(0.960)
    4 3.625(0.375)
    5 4.500(0.500)
    5 4.531(0.469)
    3 2.925(0.075)
    5 4.579(0.421)
    4 3.610(0.390)
    3 3.276(-0.276)
    4 4.000(0.000)
    4 4.167(-0.167)
    5 4.556(0.444)
    5 5.000(0.000)
    5 4.600(0.400)
    5 4.850(0.150)
    4 3.992(0.008)
    5 4.602(0.398)
    1 1.893(-0.893)
    2 2.625(-0.625)
    1 1.400(-0.400)
    4 4.554(-0.554)
    5 4.893(0.107)
    5 4.595(0.405)
    2 2.539(-0.539)
    5 4.287(0.713)
    5 4.559(0.441)
    5 4.028(0.972)
    5 4.500(0.500)
    2 2.250(-0.250)
    4 4.022(-0.022)
    5 5.000(0.000)
    5 5.000(0.000)
    4 3.969(0.031)
    4 4.000(0.000)
    5 4.611(0.389)
    5 4.708(0.292)
    5 4.750(0.250)
    5 5.000(0.000)
    5 4.412(0.588)
    5 4.246(0.754)
    5 4.795(0.205)
    5 4.525(0.475)
    5 4.875(0.125)
    5 4.750(0.250)
    1 1.533(-0.533)
    1 1.000(0.000)
    4 4.050(-0.050)
    5 4.591(0.409)
    5 4.375(0.625)
    4 3.625(0.375)
    4 3.938(0.063)
    4 3.460(0.540)
    3 3.250(-0.250)
    5 4.439(0.561)
    4 4.021(-0.021)
    3 3.344(-0.344)
    4 3.806(0.194)
    5 4.917(0.083)
    1 1.375(-0.375)
    5 4.625(0.375)
    5 4.813(0.188)
    4 3.700(0.300)
    4 4.159(-0.159)
    5 4.893(0.107)
    5 4.786(0.214)
    5 4.750(0.250)
    4 4.300(-0.300)
    2 2.561(-0.561)
    2 2.468(-0.468)
    5 4.750(0.250)
    5 4.510(0.490)
    2 2.417(-0.417)
    4 3.620(0.380)
    4 3.994(0.006)
    3 3.513(-0.513)
    4 3.726(0.274)
    2 2.500(-0.500)
    5 5.000(0.000)
    4 4.200(-0.200)
    5 5.000(0.000)
    5 4.557(0.443)
    1 1.950(-0.950)
    4 4.203(-0.203)
    4 3.922(0.078)
    1 1.464(-0.464)
    4 3.839(0.161)
    5 4.875(0.125)
    5 4.012(0.988)
    5 4.700(0.300)
    3 3.000(0.000)
    5 4.850(0.150)
    1 1.975(-0.975)
    5 4.438(0.563)
    5 5.000(0.000)
    4 3.400(0.600)
    5 4.850(0.150)
    5 4.813(0.188)
    5 4.786(0.214)
    5 4.875(0.125)
    5 4.625(0.375)
    3 3.297(-0.297)
    3 3.250(-0.250)
    5 5.000(0.000)
    2 2.313(-0.313)
    5 4.750(0.250)
    5 4.700(0.300)
    4 3.946(0.054)
    4 4.250(-0.250)
    1 1.542(-0.542)
    1 1.357(-0.357)
    4 4.036(-0.036)
    4 3.808(0.192)
    4 3.625(0.375)
    3 3.630(-0.630)
    4 4.125(-0.125)
    5 4.431(0.569)
    5 4.641(0.359)
    5 5.000(0.000)
    1 2.036(-1.036)
    5 4.257(0.743)
    4 4.000(0.000)
    5 4.600(0.400)
    4 4.036(-0.036)
    5 4.653(0.347)
    4 3.958(0.042)
    2 2.375(-0.375)
    5 3.964(1.036)
    2 2.000(0.000)
    2 2.313(-0.313)
    3 3.381(-0.381)
    2 2.283(-0.283)
    5 5.000(0.000)
    5 4.688(0.313)
    5 4.375(0.625)
    5 4.483(0.517)
    5 4.475(0.525)
    5 4.275(0.725)
    4 4.571(-0.571)
    1 1.000(0.000)
    4 3.942(0.058)
    5 4.813(0.188)
    4 4.021(-0.021)
    3 3.438(-0.438)
    5 4.625(0.375)
    5 4.525(0.475)
    5 4.925(0.075)
    4 3.847(0.153)
    5 3.913(1.087)
    5 4.457(0.543)
    4 4.167(-0.167)
    4 3.893(0.107)
    5 4.833(0.167)
    5 4.583(0.417)
    4 4.013(-0.013)
    4 4.096(-0.096)
    4 3.670(0.330)
    4 4.028(-0.028)
    4 4.194(-0.194)
    4 4.079(-0.079)
    4 3.583(0.417)
Mean of Square Error: 0.184965
Mean of Error(L1): 0.327745
