    5 4.866(-0.134)
    5 4.820(-0.180)
    5 3.989(-1.011)
    1 1.752(0.752)
    1 1.090(0.090)
    5 4.231(-0.769)
    1 1.515(0.515)
    4 4.041(0.041)
    1 1.240(0.240)
    4 3.779(-0.221)
    4 3.622(-0.378)
    4 3.803(-0.197)
    5 4.709(-0.291)
    2 1.762(-0.238)
    2 1.934(-0.066)
    4 3.965(-0.035)
    5 4.660(-0.340)
    1 2.101(1.101)
    5 3.838(-1.162)
    4 4.091(0.091)
    5 4.907(-0.093)
    5 5.000(0.000)
    5 5.000(0.000)
    2 2.229(0.229)
    5 4.857(-0.143)
    1 1.902(0.902)
    5 4.527(-0.473)
    5 4.258(-0.742)
    5 4.338(-0.662)
    5 3.915(-1.085)
    2 2.295(0.295)
    4 3.786(-0.214)
    2 2.196(0.196)
    1 1.389(0.389)
    4 4.059(0.059)
    1 1.418(0.418)
    5 4.267(-0.733)
    5 3.788(-1.212)
    2 2.635(0.635)
    5 4.348(-0.652)
    3 3.331(0.331)
    1 1.544(0.544)
    5 4.027(-0.973)
    5 4.331(-0.669)
    4 4.069(0.069)
    4 3.637(-0.363)
    5 4.614(-0.386)
    5 4.636(-0.364)
    4 3.900(-0.100)
    5 4.270(-0.730)
    1 1.515(0.515)
    2 2.106(0.106)
    5 4.391(-0.609)
    2 2.040(0.040)
    2 2.041(0.041)
    1 1.103(0.103)
    1 1.138(0.138)
    1 1.326(0.326)
    1 1.093(0.093)
    3 2.926(-0.074)
    3 2.980(-0.020)
    5 4.074(-0.926)
    5 3.952(-1.048)
    4 3.506(-0.494)
    3 3.294(0.294)
    5 4.621(-0.379)
    4 4.084(0.084)
    5 5.000(0.000)
    1 1.094(0.094)
    5 4.255(-0.745)
    1 1.710(0.710)
    4 3.416(-0.584)
    4 3.667(-0.333)
    3 3.094(0.094)
    5 4.946(-0.054)
    5 4.589(-0.411)
    5 4.366(-0.634)
    4 4.127(0.127)
    4 3.799(-0.201)
    4 4.004(0.004)
    2 2.065(0.065)
    1 1.592(0.592)
    5 4.719(-0.281)
    5 4.750(-0.250)
    5 4.962(-0.038)
    5 4.876(-0.124)
    4 3.582(-0.418)
    2 2.330(0.330)
    2 1.962(-0.038)
    4 3.684(-0.316)
    3 3.025(0.025)
    3 3.477(0.477)
    5 4.205(-0.795)
    4 3.872(-0.128)
    5 5.000(0.000)
    5 5.000(0.000)
    4 3.603(-0.397)
    5 4.723(-0.277)
    5 4.795(-0.205)
    4 3.677(-0.323)
    4 4.047(0.047)
    1 1.099(0.099)
    1 1.491(0.491)

Average Error: 0.351
Correlation: 0.972
Inversion Count: 16
