    5 4.865(-0.135)
    5 4.825(-0.175)
    5 4.063(-0.937)
    1 1.710(0.710)
    1 1.100(0.100)
    5 4.298(-0.702)
    1 1.622(0.622)
    4 4.038(0.038)
    1 1.289(0.289)
    4 3.779(-0.221)
    4 3.642(-0.358)
    4 3.767(-0.233)
    5 4.719(-0.281)
    2 1.725(-0.275)
    2 1.936(-0.064)
    4 3.961(-0.039)
    5 4.581(-0.419)
    1 2.049(1.049)
    5 3.852(-1.148)
    4 4.100(0.100)
    5 4.913(-0.087)
    5 5.000(0.000)
    5 5.000(0.000)
    2 2.257(0.257)
    5 4.865(-0.135)
    1 1.900(0.900)
    5 4.563(-0.437)
    5 4.110(-0.890)
    5 4.344(-0.656)
    5 3.956(-1.044)
    2 2.300(0.300)
    4 3.789(-0.211)
    2 2.215(0.215)
    1 1.377(0.377)
    4 4.058(0.058)
    1 1.425(0.425)
    5 4.294(-0.706)
    5 3.723(-1.277)
    2 2.719(0.719)
    5 4.221(-0.779)
    3 3.413(0.413)
    1 1.527(0.527)
    5 3.786(-1.214)
    5 4.357(-0.643)
    4 4.071(0.071)
    4 3.657(-0.343)
    5 4.540(-0.460)
    5 4.583(-0.417)
    4 3.904(-0.096)
    5 4.137(-0.863)
    1 1.517(0.517)
    2 2.100(0.100)
    5 4.300(-0.700)
    2 2.043(0.043)
    2 2.043(0.043)
    1 1.100(0.100)
    1 1.167(0.167)
    1 1.344(0.344)
    1 1.100(0.100)
    3 2.918(-0.082)
    3 2.981(-0.019)
    5 4.134(-0.866)
    5 4.012(-0.988)
    4 3.544(-0.456)
    3 3.339(0.339)
    5 4.567(-0.433)
    4 4.100(0.100)
    5 5.000(0.000)
    1 1.100(0.100)
    5 4.318(-0.682)
    1 1.688(0.688)
    4 3.430(-0.570)
    4 3.644(-0.356)
    3 3.107(0.107)
    5 4.933(-0.067)
    5 4.535(-0.465)
    5 4.405(-0.595)
    4 4.150(0.150)
    4 3.750(-0.250)
    4 4.004(0.004)
    2 2.073(0.073)
    1 1.714(0.714)
    5 4.725(-0.275)
    5 4.767(-0.233)
    5 4.959(-0.041)
    5 4.886(-0.114)
    4 3.517(-0.483)
    2 2.317(0.317)
    2 1.957(-0.043)
    4 3.663(-0.337)
    3 3.025(0.025)
    3 3.500(0.500)
    5 4.069(-0.931)
    4 3.881(-0.119)
    5 5.000(0.000)
    5 5.000(0.000)
    4 3.594(-0.406)
    5 4.725(-0.275)
    5 4.794(-0.206)
    4 3.667(-0.333)
    4 4.050(0.050)
    1 1.100(0.100)
    1 1.550(0.550)

Average Error: 0.365
Correlation: 0.970
Inversion Count: 18
