    5 4.836(-0.164)
    5 5.000(0.000)
    5 5.000(0.000)
    5 4.915(-0.085)
    2 2.740(0.740)
    5 4.903(-0.097)
    5 4.755(-0.245)
    5 5.000(0.000)
    5 4.979(-0.021)
    5 4.995(-0.005)
    1 1.090(0.090)
    1 1.100(0.100)
    1 1.099(0.099)
    5 4.884(-0.116)
    4 3.963(-0.037)
    4 4.148(0.148)
    4 3.995(-0.005)
    4 3.967(-0.033)
    4 3.880(-0.120)
    4 3.945(-0.055)
    4 3.994(-0.006)
    4 3.900(-0.100)
    4 4.007(0.007)
    4 4.025(0.025)
    4 3.827(-0.173)
    4 3.951(-0.049)
    1 1.418(0.418)
    1 1.185(0.185)
    5 5.000(0.000)
    5 5.000(0.000)
    5 5.000(0.000)
    5 4.630(-0.370)
    5 5.000(0.000)
    5 5.000(0.000)
    5 5.000(0.000)
    5 5.000(0.000)
    5 5.000(0.000)
    5 5.000(0.000)
    5 5.000(0.000)
    5 4.853(-0.147)
    5 4.895(-0.105)
    5 4.794(-0.206)
    5 4.874(-0.126)
    5 4.689(-0.311)
    2 2.276(0.276)
    1 1.427(0.427)
    4 3.956(-0.044)
    4 3.945(-0.055)
    1 1.359(0.359)
    5 4.497(-0.503)
    1 1.091(0.091)
    1 1.122(0.122)
    3 3.233(0.233)
    2 2.589(0.589)
    4 4.067(0.067)
    5 4.558(-0.442)
    5 5.000(0.000)
    5 4.643(-0.357)
    5 4.981(-0.019)
    5 5.000(0.000)
    5 4.961(-0.039)
    5 5.000(0.000)
    5 4.827(-0.173)
    5 4.781(-0.219)
    1 1.117(0.117)
    1 1.102(0.102)
    1 1.117(0.117)
    1 1.100(0.100)
    1 1.062(0.062)
    3 3.082(0.082)
    5 4.919(-0.081)
    5 4.652(-0.348)
    5 4.709(-0.291)
    5 4.935(-0.065)
    5 5.000(0.000)
    2 2.699(0.699)
    5 5.000(0.000)
    5 4.910(-0.090)
    5 4.888(-0.112)
    5 4.949(-0.051)
    5 5.000(0.000)
    5 4.733(-0.267)
    5 4.807(-0.193)
    5 4.701(-0.299)
    5 4.793(-0.207)
    5 5.000(0.000)
    5 4.649(-0.351)
    5 4.896(-0.104)
    5 4.820(-0.180)
    5 5.000(0.000)
    4 4.090(0.090)
    4 4.009(0.009)
    4 3.881(-0.119)
    4 3.913(-0.087)
    4 3.952(-0.048)
    5 4.963(-0.037)
    5 5.000(0.000)
    5 4.880(-0.120)
    5 5.000(0.000)
    5 5.000(0.000)
    5 5.000(0.000)
    5 4.969(-0.031)
    5 5.000(0.000)
    5 5.000(0.000)
    5 5.000(0.000)
    5 5.000(0.000)
    5 4.751(-0.249)
    5 5.000(0.000)
    4 4.101(0.101)
    5 5.000(0.000)
    5 5.000(0.000)
    5 4.941(-0.059)
    3 3.019(0.019)
    3 3.232(0.232)
    3 3.069(0.069)
    1 1.062(0.062)
    1 1.099(0.099)
    1 1.096(0.096)
    1 1.076(0.076)
    1 1.096(0.096)
    1 1.096(0.096)
    4 3.950(-0.050)
    4 4.083(0.083)
    4 4.104(0.104)
    5 4.951(-0.049)
    5 4.663(-0.337)
    5 4.794(-0.206)
    5 4.793(-0.207)
    5 4.987(-0.013)
    5 4.694(-0.306)
    5 4.821(-0.179)
    5 4.798(-0.202)
    5 4.985(-0.015)
    5 5.000(0.000)
    5 4.581(-0.419)
    5 4.517(-0.483)
    5 4.678(-0.322)
    5 4.920(-0.080)
    3 3.437(0.437)
    5 4.974(-0.026)
    1 1.106(0.106)
    5 5.000(0.000)
    5 5.000(0.000)
    5 5.000(0.000)
    5 4.985(-0.015)
    5 5.000(0.000)
    5 4.675(-0.325)
    5 4.993(-0.007)
    5 5.000(0.000)
    5 5.000(0.000)
    5 4.993(-0.007)
    5 5.000(0.000)
    5 4.814(-0.186)
    4 3.996(-0.004)
    5 4.610(-0.390)
    1 1.219(0.219)
    1 1.755(0.755)
    1 1.418(0.418)
    5 4.954(-0.046)
    5 5.000(0.000)
    5 5.000(0.000)
    5 5.000(0.000)
    5 5.000(0.000)
    5 5.000(0.000)
    5 5.000(0.000)
    5 5.000(0.000)
    5 4.741(-0.259)
    5 4.822(-0.178)
    5 4.844(-0.156)
    4 4.103(0.103)
    5 4.545(-0.455)
    4 4.051(0.051)
    5 4.626(-0.374)
    2 2.289(0.289)
    2 2.209(0.209)
    2 1.973(-0.027)
    2 2.230(0.230)
    5 4.686(-0.314)
    5 5.000(0.000)
    5 4.907(-0.093)
    5 4.882(-0.118)
    5 4.871(-0.129)
    5 5.000(0.000)
    5 5.000(0.000)
    5 4.979(-0.021)
    5 4.891(-0.109)
    5 5.000(0.000)
    5 5.000(0.000)
    5 4.760(-0.240)
    5 4.804(-0.196)
    5 4.937(-0.063)
    5 5.000(0.000)
    5 5.000(0.000)
    5 5.000(0.000)
    5 4.839(-0.161)
    5 4.833(-0.167)
    5 4.805(-0.195)
    5 5.000(0.000)
    5 5.000(0.000)
    5 4.591(-0.409)
    5 4.842(-0.158)
    4 4.006(0.006)
    4 4.153(0.153)
    4 4.052(0.052)
    4 4.016(0.016)
    4 4.150(0.150)
    4 4.069(0.069)
    4 4.049(0.049)
    4 3.994(-0.006)
    4 4.029(0.029)
    4 3.691(-0.309)
    5 4.874(-0.126)
    2 2.054(0.054)
    5 5.000(0.000)
    5 4.927(-0.073)
    5 5.000(0.000)
    5 4.993(-0.007)
    5 5.000(0.000)
    5 5.000(0.000)
    5 5.000(0.000)
    2 1.580(-0.420)
    2 2.179(0.179)
    2 2.097(0.097)
    2 1.801(-0.199)
    2 2.090(0.090)
    2 2.166(0.166)
    2 2.096(0.096)
    2 2.208(0.208)
    2 2.117(0.117)
    2 2.093(0.093)
    2 1.938(-0.062)
    2 2.231(0.231)
    2 2.082(0.082)
    2 1.900(-0.100)
    3 2.981(-0.019)
    4 4.005(0.005)
    5 4.805(-0.195)
    5 4.641(-0.359)
    5 4.631(-0.369)
    5 4.959(-0.041)
    5 4.771(-0.229)
    4 4.246(0.246)
    4 4.190(0.190)
    4 4.115(0.115)
    5 5.000(0.000)
    5 4.953(-0.047)
    5 5.000(0.000)
    5 4.669(-0.331)
    5 4.870(-0.130)
    5 5.000(0.000)
    5 5.000(0.000)
    5 4.850(-0.150)
    2 2.250(0.250)
    2 2.097(0.097)
    2 2.270(0.270)
    2 2.036(0.036)
    4 4.029(0.029)
    4 3.969(-0.031)
    5 4.831(-0.169)
    5 4.231(-0.769)
    5 4.690(-0.310)
    5 5.000(0.000)
    5 5.000(0.000)
    5 5.000(0.000)
    5 4.457(-0.543)
    5 4.816(-0.184)
    5 4.311(-0.689)
    5 4.740(-0.260)
    4 4.255(0.255)
    5 4.448(-0.552)
    5 4.728(-0.272)
    5 5.000(0.000)
    5 4.645(-0.355)
    5 4.737(-0.263)
    5 4.608(-0.392)
    3 3.101(0.101)
    5 4.580(-0.420)
    2 2.150(0.150)
    2 2.091(0.091)
    2 1.927(-0.073)
    2 2.089(0.089)
    1 1.086(0.086)
    1 1.295(0.295)
    1 1.096(0.096)
    1 1.095(0.095)
    1 1.077(0.077)
    1 1.237(0.237)
    2 2.069(0.069)
    1 1.089(0.089)
    1 1.102(0.102)
    1 1.060(0.060)
    1 1.095(0.095)
    1 1.084(0.084)
    2 1.641(-0.359)
    1 1.471(0.471)
    4 3.782(-0.218)
    4 3.642(-0.358)
    4 3.938(-0.062)
    3 3.103(0.103)
    3 3.069(0.069)
    3 3.125(0.125)
    3 3.041(0.041)
    4 4.041(0.041)
    5 5.000(0.000)
    4 3.802(-0.198)
    5 4.779(-0.221)
    5 4.617(-0.383)
    5 4.499(-0.501)
    5 4.569(-0.431)
    1 1.089(0.089)
    1 1.079(0.079)
    3 2.953(-0.047)
    3 2.942(-0.058)
    3 2.845(-0.155)
    3 3.128(0.128)
    3 3.057(0.057)
    3 2.831(-0.169)
    3 3.052(0.052)
    5 5.000(0.000)
    5 4.873(-0.127)
    5 5.000(0.000)
    5 4.779(-0.221)
    5 4.611(-0.389)
    5 4.721(-0.279)
    5 4.773(-0.227)
    1 1.552(0.552)
    1 1.580(0.580)
    5 5.000(0.000)
    5 4.864(-0.136)
    5 4.845(-0.155)
    5 4.841(-0.159)
    5 5.000(0.000)
    5 5.000(0.000)
    5 5.000(0.000)
    5 5.000(0.000)
    5 5.000(0.000)
    5 4.867(-0.133)
    5 4.801(-0.199)
    4 3.793(-0.207)
    4 4.011(0.011)
    4 4.161(0.161)
    4 4.031(0.031)
    4 3.960(-0.040)
    3 3.207(0.207)
    3 3.116(0.116)
    5 5.000(0.000)
    5 5.000(0.000)
    5 5.000(0.000)
    5 5.000(0.000)
    5 5.000(0.000)
    5 5.000(0.000)
    5 4.674(-0.326)
    3 3.467(0.467)
    5 5.000(0.000)
    5 4.704(-0.296)
    5 4.825(-0.175)
    5 4.803(-0.197)
    5 4.973(-0.027)
    5 4.392(-0.608)
    5 4.717(-0.283)
    5 5.000(0.000)
    5 4.638(-0.362)
    5 5.000(0.000)
    3 3.110(0.110)
    5 5.000(0.000)
    5 5.000(0.000)
    5 5.000(0.000)
    5 5.000(0.000)
    4 4.075(0.075)
    5 5.000(0.000)
    4 3.945(-0.055)
    4 3.951(-0.049)
    5 4.980(-0.020)
    5 4.928(-0.072)
    5 4.621(-0.379)
    5 4.840(-0.160)
    5 4.960(-0.040)
    3 3.006(0.006)
    3 3.261(0.261)
    3 3.006(0.006)
    3 3.083(0.083)
    3 2.887(-0.113)
    3 2.957(-0.043)
    3 2.954(-0.046)
    3 3.041(0.041)
    3 3.080(0.080)
    3 3.166(0.166)
    3 3.007(0.007)
    3 3.088(0.088)
    3 3.016(0.016)
    3 3.031(0.031)
    3 3.010(0.010)
    5 4.771(-0.229)
    5 4.474(-0.526)
    5 4.287(-0.713)
    5 4.607(-0.393)
    5 5.000(0.000)
    5 4.931(-0.069)
    4 4.013(0.013)
    5 4.959(-0.041)
    5 5.000(0.000)
    5 4.858(-0.142)
    5 4.870(-0.130)
    5 4.854(-0.146)
    5 5.000(0.000)
    5 5.000(0.000)
    5 5.000(0.000)
    5 4.810(-0.190)
    5 4.841(-0.159)
    5 4.267(-0.733)
    5 4.846(-0.154)
    5 4.896(-0.104)
    5 5.000(0.000)
    5 4.875(-0.125)
    5 5.000(0.000)
    5 5.000(0.000)
    5 5.000(0.000)
    5 4.659(-0.341)
    5 5.000(0.000)
    5 4.713(-0.287)
    5 5.000(0.000)
    5 5.000(0.000)
    5 4.753(-0.247)
    5 4.801(-0.199)
    5 5.000(0.000)
    5 4.404(-0.596)
    5 4.753(-0.247)
    5 4.853(-0.147)
    5 4.931(-0.069)
    5 4.854(-0.146)
    5 4.731(-0.269)
    5 4.933(-0.067)
    5 4.594(-0.406)
    5 4.843(-0.157)
    5 4.665(-0.335)
    5 5.000(0.000)
    1 1.485(0.485)
    5 4.590(-0.410)
    5 4.942(-0.058)
    5 4.970(-0.030)
    5 5.000(0.000)
    5 4.750(-0.250)
    5 5.000(0.000)
    5 5.000(0.000)
    5 4.836(-0.164)
    5 4.952(-0.048)
    5 4.925(-0.075)
    5 5.000(0.000)
    5 4.716(-0.284)
    5 5.000(0.000)
    5 4.706(-0.294)
    5 5.000(0.000)
    5 4.628(-0.372)
    5 5.000(0.000)
    5 5.000(0.000)
    5 5.000(0.000)
    5 5.000(0.000)
    5 5.000(0.000)
    5 5.000(0.000)
    5 4.759(-0.241)
    5 5.000(0.000)
    5 5.000(0.000)
    3 3.252(0.252)
    3 3.085(0.085)
    3 3.046(0.046)
    3 3.236(0.236)
    3 3.274(0.274)
    3 3.543(0.543)
    3 3.044(0.044)
    3 2.996(-0.004)
    3 3.120(0.120)
    5 5.000(0.000)
    5 5.000(0.000)
    4 4.016(0.016)
    5 4.695(-0.305)
    4 4.136(0.136)
    5 4.667(-0.333)
    5 4.854(-0.146)
    5 4.935(-0.065)
    5 4.956(-0.044)
    5 4.969(-0.031)
    5 5.000(0.000)
    3 3.229(0.229)
    3 3.264(0.264)
    5 4.964(-0.036)
    5 4.872(-0.128)
    5 4.742(-0.258)
    5 3.915(-1.085)
    5 4.071(-0.929)
    4 4.148(0.148)
    4 4.075(0.075)
    5 4.458(-0.542)
    5 4.606(-0.394)
    2 2.138(0.138)
    5 4.361(-0.639)
    5 4.705(-0.295)
    5 4.955(-0.045)
    5 4.816(-0.184)
    5 4.712(-0.288)
    1 1.187(0.187)
    5 5.000(0.000)
    5 4.809(-0.191)
    4 3.959(-0.041)
    4 3.947(-0.053)
    4 3.985(-0.015)
    4 3.942(-0.058)
    4 4.075(0.075)
    5 4.862(-0.138)
    5 4.868(-0.132)
    5 4.599(-0.401)
    5 4.800(-0.200)
    4 4.096(0.096)
    2 2.226(0.226)
    2 2.086(0.086)
    5 4.841(-0.159)
    5 4.798(-0.202)
    4 3.988(-0.012)
    5 5.000(0.000)
    5 5.000(0.000)
    5 5.000(0.000)
    5 4.798(-0.202)
    5 5.000(0.000)
    4 4.140(0.140)
    5 4.824(-0.176)
    5 4.430(-0.570)
    5 4.736(-0.264)
    5 4.505(-0.495)
    5 4.814(-0.186)
    5 4.941(-0.059)
    5 5.000(0.000)
    5 5.000(0.000)
    5 5.000(0.000)
    5 5.000(0.000)
    1 1.123(0.123)
    1 1.208(0.208)
    1 1.101(0.101)
    1 1.198(0.198)
    1 1.194(0.194)
    5 4.847(-0.153)
    5 4.447(-0.553)
    5 4.427(-0.573)
    5 4.847(-0.153)
    5 4.659(-0.341)
    4 3.840(-0.160)
    5 5.000(0.000)
    5 3.988(-1.012)
    5 5.000(0.000)
    1 1.092(0.092)
    1 1.261(0.261)
    3 3.551(0.551)
    5 4.899(-0.101)
    5 4.862(-0.138)
    4 3.912(-0.088)
    5 4.979(-0.021)
    4 4.014(0.014)
    5 4.595(-0.405)
    5 4.622(-0.378)
    4 3.915(-0.085)
    5 5.000(0.000)
    5 4.707(-0.293)
    5 4.817(-0.183)
    5 4.704(-0.296)
    4 4.087(0.087)
    5 4.688(-0.312)
    4 3.888(-0.112)
    4 3.790(-0.210)
    4 3.887(-0.113)
    4 3.973(-0.027)
    4 3.792(-0.208)
    4 3.431(-0.569)
    4 3.806(-0.194)
    5 4.520(-0.480)
    3 3.045(0.045)
    5 5.000(0.000)
    5 4.842(-0.158)
    5 4.942(-0.058)
    5 5.000(0.000)
    5 4.833(-0.167)
    5 4.815(-0.185)
    5 5.000(0.000)
    5 4.819(-0.181)
    5 5.000(0.000)
    5 4.702(-0.298)
    5 4.989(-0.011)
    4 4.001(0.001)
    5 4.912(-0.088)
    5 5.000(0.000)
    5 5.000(0.000)
    5 5.000(0.000)
    5 5.000(0.000)
    5 5.000(0.000)
    5 5.000(0.000)
    5 5.000(0.000)
    5 5.000(0.000)
    5 5.000(0.000)
    5 5.000(0.000)
    5 4.617(-0.383)
    1 1.114(0.114)
    1 1.192(0.192)
    1 1.037(0.037)
    5 5.000(0.000)
    5 5.000(0.000)
    5 5.000(0.000)
    5 4.977(-0.023)
    3 3.090(0.090)
    4 4.031(0.031)
    5 5.000(0.000)
    5 5.000(0.000)
    5 5.000(0.000)
    5 5.000(0.000)
    5 5.000(0.000)
    5 4.821(-0.179)
    5 5.000(0.000)
    5 5.000(0.000)
    2 2.118(0.118)
    2 2.659(0.659)
    5 5.000(0.000)
    5 5.000(0.000)
    5 5.000(0.000)
    5 5.000(0.000)
    4 3.870(-0.130)
    4 3.814(-0.186)
    4 3.624(-0.376)
    4 3.212(-0.788)
    5 4.481(-0.519)
    5 4.626(-0.374)
    2 1.981(-0.019)
    1 1.096(0.096)
    5 5.000(0.000)
    5 4.853(-0.147)
    5 5.000(0.000)
    5 5.000(0.000)
    5 4.995(-0.005)
    5 4.646(-0.354)
    5 4.958(-0.042)
    5 4.994(-0.006)
    5 4.934(-0.066)
    5 4.780(-0.220)
    5 4.947(-0.053)
    5 5.000(0.000)
    5 5.000(0.000)
    5 5.000(0.000)
    5 5.000(0.000)
    5 5.000(0.000)
    5 5.000(0.000)
    5 5.000(0.000)
    4 4.082(0.082)
    4 3.828(-0.172)
    5 4.795(-0.205)
    5 5.000(0.000)
    5 5.000(0.000)
    5 5.000(0.000)
    5 5.000(0.000)
    5 5.000(0.000)
    5 5.000(0.000)
    5 4.856(-0.144)
    5 4.568(-0.432)
    5 5.000(0.000)
    5 5.000(0.000)
    5 5.000(0.000)
    5 5.000(0.000)
    5 4.966(-0.034)
    5 4.469(-0.531)
    5 4.800(-0.200)
    5 4.627(-0.373)
    5 4.796(-0.204)
    5 4.968(-0.032)
    5 5.000(0.000)
    5 4.914(-0.086)
    5 5.000(0.000)
    5 5.000(0.000)
    5 5.000(0.000)
    5 5.000(0.000)
    5 4.942(-0.058)
    5 5.000(0.000)
    4 3.870(-0.130)
    4 3.937(-0.063)
    4 4.001(0.001)
    4 3.895(-0.105)
    4 3.853(-0.147)
    4 3.925(-0.075)
    4 3.897(-0.103)
    4 3.930(-0.070)
    4 3.995(-0.005)
    4 3.901(-0.099)
    4 3.991(-0.009)
    5 4.604(-0.396)
    5 4.458(-0.542)
    4 3.912(-0.088)
    5 4.662(-0.338)
    4 3.776(-0.224)
    5 4.808(-0.192)
    4 3.932(-0.068)
    5 4.715(-0.285)
    4 3.997(-0.003)
    5 4.762(-0.238)
    5 4.748(-0.252)
    5 4.652(-0.348)
    5 4.922(-0.078)
    5 4.707(-0.293)
    5 4.785(-0.215)
    5 4.769(-0.231)
    5 4.771(-0.229)
    5 4.861(-0.139)
    5 4.502(-0.498)
    4 3.831(-0.169)
    5 4.732(-0.268)
    5 4.752(-0.248)
    5 4.739(-0.261)
    5 4.948(-0.052)
    5 3.975(-1.025)
    2 2.813(0.813)
    5 4.748(-0.252)
    5 4.929(-0.071)
    5 4.870(-0.130)
    3 3.206(0.206)
    4 3.798(-0.202)
    5 4.853(-0.147)
    5 4.473(-0.527)
    5 4.577(-0.423)
    5 4.714(-0.286)
    5 4.627(-0.373)
    5 4.843(-0.157)
    5 4.710(-0.290)
    5 4.783(-0.217)
    5 5.000(0.000)
    5 5.000(0.000)
    5 4.963(-0.037)
    5 4.825(-0.175)
    5 4.823(-0.177)
    5 4.643(-0.357)
    5 5.000(0.000)
    5 4.304(-0.696)
    5 4.640(-0.360)
    5 5.000(0.000)
    5 4.884(-0.116)
    4 4.348(0.348)
    4 3.930(-0.070)
    5 4.778(-0.222)
    3 3.367(0.367)
    5 4.588(-0.412)
    5 4.745(-0.255)
    5 5.000(0.000)
    5 5.000(0.000)
    5 5.000(0.000)
    5 5.000(0.000)
    5 5.000(0.000)
    5 4.742(-0.258)
    5 5.000(0.000)
    1 1.370(0.370)
    1 1.552(0.552)
    1 1.618(0.618)
    1 1.424(0.424)
    1 1.390(0.390)
    5 5.000(0.000)
    5 5.000(0.000)
    5 4.954(-0.046)
    5 5.000(0.000)
    5 5.000(0.000)
    5 4.955(-0.045)
    5 4.969(-0.031)
    5 5.000(0.000)
    5 5.000(0.000)
    2 2.537(0.537)
    2 2.408(0.408)
    5 4.838(-0.162)
    5 4.723(-0.277)
    2 2.318(0.318)
    2 2.251(0.251)
    2 2.107(0.107)
    5 4.691(-0.309)
    2 2.129(0.129)
    2 1.977(-0.023)
    2 2.361(0.361)
    4 4.055(0.055)
    4 3.784(-0.216)
    4 4.205(0.205)
    4 3.977(-0.023)
    4 3.992(-0.008)
    4 3.993(-0.007)
    4 3.991(-0.009)
    5 5.000(0.000)
    5 5.000(0.000)
    5 5.000(0.000)
    5 5.000(0.000)
    5 5.000(0.000)
    5 5.000(0.000)
    5 5.000(0.000)
    5 5.000(0.000)
    5 5.000(0.000)
    5 5.000(0.000)
    5 5.000(0.000)
    5 5.000(0.000)
    5 4.804(-0.196)
    5 5.000(0.000)
    5 4.726(-0.274)
    5 4.750(-0.250)
    5 5.000(0.000)
    5 5.000(0.000)
    5 5.000(0.000)
    5 5.000(0.000)
    5 4.980(-0.020)
    5 5.000(0.000)
    5 4.812(-0.188)
    2 2.708(0.708)
    5 5.000(0.000)
    5 5.000(0.000)
    5 5.000(0.000)
    5 5.000(0.000)
    5 4.333(-0.667)
    5 5.000(0.000)
    5 5.000(0.000)
    1 1.402(0.402)
    5 4.613(-0.387)
    3 3.435(0.435)
    5 4.606(-0.394)
    5 4.324(-0.676)
    3 2.959(-0.041)
    3 2.969(-0.031)
    4 3.748(-0.252)
    2 2.257(0.257)
    2 2.033(0.033)
    2 2.094(0.094)
    2 2.440(0.440)
    5 5.000(0.000)
    5 5.000(0.000)
    5 5.000(0.000)
    5 4.687(-0.313)
    5 4.872(-0.128)
    5 4.660(-0.340)
    5 5.000(0.000)
    4 3.949(-0.051)
    4 4.029(0.029)
    4 4.005(0.005)
    5 4.473(-0.527)
    5 5.000(0.000)
    5 4.823(-0.177)
    5 5.000(0.000)
    5 5.000(0.000)
    5 4.662(-0.338)
    3 3.185(0.185)
    3 3.017(0.017)
    5 4.823(-0.177)
    5 4.968(-0.032)
    5 4.745(-0.255)
    5 4.686(-0.314)
    5 4.995(-0.005)
    5 4.886(-0.114)
    2 2.802(0.802)
    5 4.757(-0.243)
    4 3.760(-0.240)
    4 4.056(0.056)
    1 1.093(0.093)
    5 4.600(-0.400)
    5 4.515(-0.485)
    5 4.551(-0.449)
    5 4.700(-0.300)
    3 3.192(0.192)
    3 3.267(0.267)
    3 3.185(0.185)
    5 4.927(-0.073)
    5 4.596(-0.404)
    5 4.976(-0.024)
    5 4.655(-0.345)
    5 4.680(-0.320)
    5 4.785(-0.215)
    3 3.227(0.227)
    3 3.120(0.120)
    3 3.005(0.005)
    3 2.963(-0.037)
    3 2.907(-0.093)
    4 4.179(0.179)
    5 5.000(0.000)
    5 4.840(-0.160)
    4 4.078(0.078)
    4 4.104(0.104)
    4 4.022(0.022)
    4 3.911(-0.089)
    4 4.028(0.028)
    4 3.981(-0.019)
    4 3.947(-0.053)
    4 3.820(-0.180)
    4 4.064(0.064)
    4 4.000(0.000)
    4 3.981(-0.019)
    4 3.957(-0.043)
    5 4.797(-0.203)
    5 4.891(-0.109)
    5 4.684(-0.316)
    5 5.000(0.000)
    5 5.000(0.000)
    5 5.000(0.000)
    5 5.000(0.000)
    5 5.000(0.000)
    5 4.647(-0.353)
    5 5.000(0.000)
    5 4.811(-0.189)
    5 4.895(-0.105)
    5 4.982(-0.018)
    5 4.978(-0.022)
    4 4.097(0.097)
    4 3.972(-0.028)
    4 4.034(0.034)
    4 4.039(0.039)
    3 2.984(-0.016)
    3 3.111(0.111)
    5 4.811(-0.189)
    5 4.897(-0.103)
    5 4.948(-0.052)
    5 4.875(-0.125)
    5 5.000(0.000)
    5 4.725(-0.275)
    5 4.759(-0.241)
    5 4.379(-0.621)
    4 3.953(-0.047)
    5 4.458(-0.542)
    5 4.849(-0.151)
    5 5.000(0.000)
    5 4.879(-0.121)
    3 3.086(0.086)
    3 3.272(0.272)
    3 2.989(-0.011)
    3 3.070(0.070)
    5 4.678(-0.322)
    5 5.000(0.000)
    4 3.851(-0.149)
    4 4.143(0.143)
    4 3.698(-0.302)
    5 4.531(-0.469)
    3 3.068(0.068)
    5 5.000(0.000)
    5 5.000(0.000)
    5 5.000(0.000)
    2 2.081(0.081)
    2 1.991(-0.009)
    2 2.097(0.097)
    2 1.990(-0.010)
    2 1.870(-0.130)
    2 2.500(0.500)
    5 4.959(-0.041)
    5 4.962(-0.038)
    5 4.924(-0.076)
    5 4.951(-0.049)
    5 4.970(-0.030)
    4 4.343(0.343)
    4 4.097(0.097)
    4 3.935(-0.065)
    4 4.069(0.069)
    4 4.068(0.068)
    4 4.230(0.230)
    4 4.115(0.115)
    5 4.571(-0.429)
    5 4.731(-0.269)
    5 4.478(-0.522)
    5 4.472(-0.528)
    5 4.582(-0.418)
    2 1.985(-0.015)
    2 2.019(0.019)
    2 2.143(0.143)
    2 1.991(-0.009)
    2 1.754(-0.246)
    5 4.563(-0.437)
    5 4.886(-0.114)
    5 4.493(-0.507)
    5 4.784(-0.216)
    5 4.943(-0.057)
    5 4.548(-0.452)
    5 4.794(-0.206)
    5 5.000(0.000)
    5 4.995(-0.005)
    5 4.647(-0.353)
    5 5.000(0.000)
    5 5.000(0.000)
    5 5.000(0.000)
    5 5.000(0.000)
    5 4.480(-0.520)
    3 2.892(-0.108)
    2 2.136(0.136)
    5 4.696(-0.304)
    5 4.802(-0.198)
    5 4.700(-0.300)
    5 4.911(-0.089)
    5 4.792(-0.208)
    5 4.838(-0.162)
    5 4.716(-0.284)
    5 4.991(-0.009)
    5 4.949(-0.051)
    5 4.742(-0.258)
    5 4.654(-0.346)
    5 4.936(-0.064)
    5 4.918(-0.082)
    5 4.721(-0.279)
    5 4.604(-0.396)
    5 4.768(-0.232)
    5 4.589(-0.411)
    5 4.749(-0.251)
    2 2.454(0.454)
    5 4.654(-0.346)
    5 4.993(-0.007)
    5 4.792(-0.208)
    5 5.000(0.000)
    5 5.000(0.000)
    5 5.000(0.000)
    5 5.000(0.000)
    5 4.706(-0.294)
    5 4.814(-0.186)
    5 4.977(-0.023)
    5 4.863(-0.137)
    1 1.437(0.437)
    1 1.749(0.749)
    3 2.900(-0.100)
    3 3.145(0.145)
    5 4.984(-0.016)
    5 4.993(-0.007)
    5 5.000(0.000)
    5 4.702(-0.298)
    5 4.993(-0.007)
    5 4.984(-0.016)
    3 3.097(0.097)
    4 4.043(0.043)
    5 4.870(-0.130)
    5 4.501(-0.499)
    1 1.090(0.090)
    1 1.074(0.074)
    1 1.104(0.104)
    1 1.099(0.099)
    1 1.075(0.075)
    5 4.511(-0.489)
    5 4.579(-0.421)
    5 5.000(0.000)
    5 5.000(0.000)
    5 5.000(0.000)
    5 5.000(0.000)
    5 5.000(0.000)
    5 5.000(0.000)
    5 5.000(0.000)
    5 5.000(0.000)
    5 4.933(-0.067)
    5 5.000(0.000)
    5 5.000(0.000)
    5 4.912(-0.088)
    5 4.867(-0.133)
    5 4.987(-0.013)
    5 5.000(0.000)
    5 5.000(0.000)
    5 5.000(0.000)
    5 5.000(0.000)
    5 4.710(-0.290)
    4 3.918(-0.082)
    4 3.792(-0.208)
    4 3.941(-0.059)
    4 3.817(-0.183)
    4 3.949(-0.051)
    5 4.900(-0.100)
    5 4.961(-0.039)
    5 4.947(-0.053)
    4 4.376(0.376)
    5 4.609(-0.391)
    4 4.029(0.029)
    3 3.553(0.553)
    4 3.959(-0.041)
    5 5.000(0.000)
    5 5.000(0.000)
    5 4.852(-0.148)
    5 4.907(-0.093)
    4 4.007(0.007)
    5 5.000(0.000)
    5 5.000(0.000)
    5 4.875(-0.125)
    5 4.720(-0.280)
    5 4.966(-0.034)
    4 3.953(-0.047)
    4 3.931(-0.069)
    4 4.228(0.228)
    5 5.000(0.000)
    4 3.949(-0.051)
    2 2.011(0.011)
    2 2.087(0.087)
    2 2.069(0.069)
    2 2.038(0.038)
    2 2.039(0.039)
    2 1.964(-0.036)
    5 5.000(0.000)
    5 5.000(0.000)
    5 4.799(-0.201)
    5 5.000(0.000)
    1 1.079(0.079)
    1 1.096(0.096)
    1 1.075(0.075)
    1 1.085(0.085)
    1 1.069(0.069)
    1 1.108(0.108)
    1 1.087(0.087)
    1 1.088(0.088)
    4 3.979(-0.021)
    3 3.250(0.250)
    5 4.933(-0.067)
    3 3.078(0.078)
    1 1.071(0.071)
    1 1.109(0.109)
    5 4.331(-0.669)
    5 4.399(-0.601)
    4 4.136(0.136)
    5 4.623(-0.377)
    5 5.000(0.000)
    5 4.851(-0.149)
    5 5.000(0.000)
    5 5.000(0.000)
    5 4.961(-0.039)
    1 1.589(0.589)
    1 1.199(0.199)
    1 1.098(0.098)
    1 1.247(0.247)
    5 4.935(-0.065)
    1 1.237(0.237)
    1 1.118(0.118)
    4 4.283(0.283)
    4 4.142(0.142)
    4 4.116(0.116)
    4 4.173(0.173)
    5 5.000(0.000)
    5 4.901(-0.099)
    5 5.000(0.000)
    5 4.709(-0.291)
    5 4.930(-0.070)
    5 4.929(-0.071)
    3 3.254(0.254)
    3 3.443(0.443)
    5 4.731(-0.269)
    5 4.574(-0.426)
    5 4.393(-0.607)
    5 5.000(0.000)
    5 5.000(0.000)
    5 4.750(-0.250)
    5 5.000(0.000)
    5 5.000(0.000)
    5 4.859(-0.141)
    5 5.000(0.000)
    5 4.994(-0.006)
    5 4.638(-0.362)
    5 4.547(-0.453)
    5 4.827(-0.173)
    5 4.496(-0.504)
    4 4.178(0.178)
    4 3.920(-0.080)
    5 4.831(-0.169)
    5 4.734(-0.266)
    5 4.880(-0.120)
    4 3.752(-0.248)
    5 4.660(-0.340)
    4 4.065(0.065)
    4 4.014(0.014)
    5 4.775(-0.225)
    5 4.245(-0.755)
    4 3.893(-0.107)
    4 4.102(0.102)
    4 3.847(-0.153)
    5 4.512(-0.488)
    5 4.728(-0.272)
    5 4.899(-0.101)
    5 5.000(0.000)
    5 5.000(0.000)
    5 5.000(0.000)
    5 5.000(0.000)
    4 4.115(0.115)
    4 4.038(0.038)
    4 3.921(-0.079)
    4 4.189(0.189)
    1 1.297(0.297)
    1 1.227(0.227)
    5 4.917(-0.083)
    5 4.857(-0.143)
    5 4.719(-0.281)
    2 1.895(-0.105)
    2 1.943(-0.057)
    2 2.016(0.016)
    5 4.868(-0.132)
    5 4.779(-0.221)
    5 4.731(-0.269)
    5 4.830(-0.170)
    5 4.613(-0.387)
    5 4.962(-0.038)
    5 4.888(-0.112)
    5 4.542(-0.458)
    5 4.753(-0.247)
    4 4.022(0.022)
    3 3.092(0.092)
    5 4.847(-0.153)
    5 5.000(0.000)
    5 5.000(0.000)
    5 5.000(0.000)
    5 4.909(-0.091)
    5 5.000(0.000)
    5 4.949(-0.051)
    3 3.115(0.115)
    5 4.501(-0.499)
    5 4.586(-0.414)
    5 5.000(0.000)
    5 4.945(-0.055)
    5 4.910(-0.090)
    5 5.000(0.000)
    5 4.965(-0.035)
    5 5.000(0.000)
    5 4.884(-0.116)
    5 4.982(-0.018)
    5 4.879(-0.121)
    5 5.000(0.000)
    5 4.706(-0.294)
    5 4.891(-0.109)
    5 4.785(-0.215)
    5 4.855(-0.145)
    5 4.495(-0.505)
    5 4.827(-0.173)
    5 4.578(-0.422)
    5 4.747(-0.253)
    5 4.758(-0.242)
    5 4.992(-0.008)
    5 4.900(-0.100)
    5 4.630(-0.370)
    5 4.899(-0.101)
    5 5.000(0.000)
    5 5.000(0.000)
    5 4.921(-0.079)
    5 4.791(-0.209)
    5 4.759(-0.241)
    5 5.000(0.000)
    5 4.918(-0.082)
    5 4.958(-0.042)
    5 4.971(-0.029)
    5 5.000(0.000)
    5 4.744(-0.256)
    1 2.091(1.091)
    4 3.742(-0.258)
    4 4.103(0.103)
    4 4.043(0.043)
    5 5.000(0.000)
    5 4.584(-0.416)
    5 4.755(-0.245)
    5 4.882(-0.118)
    5 5.000(0.000)
    4 4.017(0.017)
    4 3.983(-0.017)
    4 3.938(-0.062)
    4 3.940(-0.060)
    5 4.828(-0.172)
    5 4.754(-0.246)
    5 5.000(0.000)
    5 5.000(0.000)
    5 5.000(0.000)
    5 4.995(-0.005)
    5 4.977(-0.023)
    5 5.000(0.000)
    5 5.000(0.000)
    5 5.000(0.000)
    5 5.000(0.000)
    5 4.924(-0.076)
    5 4.974(-0.026)
    5 4.445(-0.555)
    5 5.000(0.000)
    5 4.880(-0.120)
    5 5.000(0.000)
    5 4.345(-0.655)
    5 4.389(-0.611)
    5 4.808(-0.192)
    5 4.953(-0.047)
    5 4.785(-0.215)
    5 4.968(-0.032)
    5 4.940(-0.060)
    2 2.223(0.223)
    5 4.721(-0.279)
    4 3.919(-0.081)
    5 4.666(-0.334)
    5 4.799(-0.201)
    5 5.000(0.000)
    5 4.976(-0.024)
    5 5.000(0.000)
    5 4.977(-0.023)
    5 5.000(0.000)
    5 4.797(-0.203)
    4 4.021(0.021)
    5 5.000(0.000)
    5 5.000(0.000)
    5 4.906(-0.094)
    5 5.000(0.000)
    5 4.958(-0.042)
    5 5.000(0.000)
    4 4.087(0.087)
    5 4.695(-0.305)
    5 4.704(-0.296)
    5 4.729(-0.271)
    5 5.000(0.000)
    5 5.000(0.000)
    5 4.996(-0.004)
    4 4.072(0.072)
    4 3.957(-0.043)
    4 4.232(0.232)
    4 3.590(-0.410)
    4 4.042(0.042)
    4 4.029(0.029)
    4 3.959(-0.041)
    4 3.988(-0.012)
    4 3.835(-0.165)
    4 3.963(-0.037)
    4 4.070(0.070)
    4 4.078(0.078)
    4 4.115(0.115)
    4 4.008(0.008)
    4 3.993(-0.007)
    4 3.856(-0.144)
    4 4.045(0.045)
    5 4.522(-0.478)
    5 4.853(-0.147)
    4 3.994(-0.006)
    4 3.800(-0.200)
    3 2.944(-0.056)
    3 3.138(0.138)
    3 3.015(0.015)
    3 3.031(0.031)
    5 5.000(0.000)
    5 5.000(0.000)
    5 5.000(0.000)
    5 5.000(0.000)
    5 5.000(0.000)
    5 5.000(0.000)
    5 5.000(0.000)
    5 5.000(0.000)
    5 5.000(0.000)
    5 5.000(0.000)
    1 1.532(0.532)
    1 1.344(0.344)
    1 1.139(0.139)
    4 3.634(-0.366)
    5 4.565(-0.435)
    3 3.005(0.005)
    3 3.266(0.266)
    5 4.757(-0.243)
    5 4.809(-0.191)
    5 4.608(-0.392)
    5 4.848(-0.152)
    4 3.959(-0.041)
    4 3.473(-0.527)
    1 1.079(0.079)
    1 1.061(0.061)
    1 1.061(0.061)
    5 4.278(-0.722)
    5 4.643(-0.357)
    5 5.000(0.000)
    5 5.000(0.000)
    5 5.000(0.000)
    5 4.512(-0.488)
    5 5.000(0.000)
    5 4.668(-0.332)
    5 5.000(0.000)
    3 3.238(0.238)
    4 3.931(-0.069)
    5 4.798(-0.202)
    5 4.873(-0.127)
    5 4.648(-0.352)
    5 4.577(-0.423)
    5 4.878(-0.122)
    5 4.824(-0.176)
    5 4.987(-0.013)
    5 5.000(0.000)
    5 5.000(0.000)
    5 5.000(0.000)
    5 5.000(0.000)
    5 5.000(0.000)
    5 5.000(0.000)
    5 5.000(0.000)
    5 5.000(0.000)
    5 5.000(0.000)
    3 3.090(0.090)
    3 3.000(0.000)
    5 4.837(-0.163)
    5 4.888(-0.112)
    5 4.712(-0.288)
    5 4.984(-0.016)
    5 5.000(0.000)
    5 5.000(0.000)
    5 5.000(0.000)
    4 4.021(0.021)
    4 4.018(0.018)
    4 4.019(0.019)
    4 3.933(-0.067)
    4 4.085(0.085)
    5 4.697(-0.303)
    5 4.683(-0.317)
    4 3.890(-0.110)
    4 4.100(0.100)
    3 3.298(0.298)
    5 4.825(-0.175)
    5 4.776(-0.224)
    5 4.789(-0.211)
    5 4.932(-0.068)
    5 5.000(0.000)
    5 4.935(-0.065)
    5 4.969(-0.031)
    4 3.354(-0.646)
    5 4.659(-0.341)
    5 5.000(0.000)
    5 4.932(-0.068)
    5 5.000(0.000)
    5 5.000(0.000)
    5 5.000(0.000)
    5 4.880(-0.120)
    5 5.000(0.000)
    5 4.938(-0.062)
    2 1.989(-0.011)
    2 1.993(-0.007)
    2 2.073(0.073)
    2 2.080(0.080)
    3 3.005(0.005)
    3 3.048(0.048)
    2 2.183(0.183)
    2 2.075(0.075)
    2 1.789(-0.211)
    2 1.913(-0.087)
    2 2.061(0.061)
    2 2.218(0.218)
    2 1.939(-0.061)
    5 5.000(0.000)
    4 3.966(-0.034)
    5 4.619(-0.381)
    5 4.398(-0.602)
    4 4.030(0.030)
    4 4.080(0.080)
    5 4.704(-0.296)
    5 4.755(-0.245)
    5 4.773(-0.227)
    3 3.131(0.131)
    4 4.033(0.033)
    4 3.764(-0.236)
    4 3.932(-0.068)
    5 4.983(-0.017)
    5 5.000(0.000)
    5 5.000(0.000)
    5 5.000(0.000)
    1 1.072(0.072)
    1 1.087(0.087)
    4 3.958(-0.042)
    5 5.000(0.000)
    5 4.866(-0.134)
    5 5.000(0.000)
    5 5.000(0.000)
    5 5.000(0.000)
    5 4.634(-0.366)
    5 4.646(-0.354)
    5 4.771(-0.229)
    5 4.868(-0.132)
    3 3.180(0.180)
    3 3.064(0.064)
    5 4.689(-0.311)
    5 4.718(-0.282)
    5 4.481(-0.519)
    5 4.763(-0.237)
    5 4.837(-0.163)
    4 3.548(-0.452)
    5 4.589(-0.411)
    3 3.145(0.145)
    3 3.038(0.038)
    5 4.699(-0.301)
    1 1.071(0.071)
    1 1.084(0.084)
    1 1.106(0.106)
    1 1.080(0.080)
    1 1.108(0.108)
    1 1.091(0.091)
    1 1.098(0.098)
    1 1.070(0.070)
    1 1.105(0.105)
    1 1.098(0.098)
    1 1.097(0.097)
    1 1.070(0.070)
    5 5.000(0.000)
    5 4.704(-0.296)
    5 4.835(-0.165)
    5 4.800(-0.200)
    5 5.000(0.000)
    5 4.835(-0.165)
    4 3.998(-0.002)
    4 3.913(-0.087)
    5 4.334(-0.666)
    5 4.913(-0.087)
    5 4.867(-0.133)
    5 4.741(-0.259)
    5 4.697(-0.303)
    5 5.000(0.000)
    5 4.959(-0.041)
    5 4.487(-0.513)
    5 4.888(-0.112)
    5 5.000(0.000)
    5 5.000(0.000)
    5 5.000(0.000)
    5 4.937(-0.063)
    5 5.000(0.000)
    5 4.844(-0.156)
    5 4.941(-0.059)
    5 5.000(0.000)
    5 4.788(-0.212)
    5 5.000(0.000)
    5 5.000(0.000)
    5 5.000(0.000)
    5 4.901(-0.099)
    5 4.928(-0.072)
    5 4.938(-0.062)
    5 4.749(-0.251)
    1 1.080(0.080)
    1 1.108(0.108)
    1 1.163(0.163)
    1 1.088(0.088)
    5 4.775(-0.225)
    5 5.000(0.000)
    1 1.085(0.085)
    5 4.714(-0.286)
    5 5.000(0.000)
    5 5.000(0.000)
    5 5.000(0.000)
    5 4.981(-0.019)
    4 3.926(-0.074)
    4 3.684(-0.316)
    1 1.372(0.372)
    1 1.221(0.221)
    5 5.000(0.000)
    5 5.000(0.000)
    5 4.535(-0.465)
    1 1.443(0.443)
    5 4.793(-0.207)
    1 1.145(0.145)
    3 2.866(-0.134)
    3 2.837(-0.163)
    2 2.617(0.617)
    5 4.959(-0.041)
    3 2.949(-0.051)
    3 3.109(0.109)
    4 3.958(-0.042)
    5 4.958(-0.042)
    5 5.000(0.000)
    5 4.921(-0.079)
    5 5.000(0.000)
    5 4.934(-0.066)
    5 5.000(0.000)
    5 4.606(-0.394)
    5 5.000(0.000)
    5 5.000(0.000)
    5 5.000(0.000)
    5 5.000(0.000)
    4 3.884(-0.116)
    4 3.966(-0.034)
    4 4.029(0.029)
    4 3.836(-0.164)
    4 4.134(0.134)
    4 3.972(-0.028)
    5 4.975(-0.025)
    5 4.954(-0.046)
    5 4.977(-0.023)
    5 4.965(-0.035)
    5 4.717(-0.283)
    5 5.000(0.000)
    5 4.994(-0.006)
    5 4.940(-0.060)
    5 5.000(0.000)
    5 5.000(0.000)
    5 4.995(-0.005)
    5 4.660(-0.340)
    5 4.988(-0.012)
    5 4.959(-0.041)
    5 5.000(0.000)
    5 5.000(0.000)
    5 5.000(0.000)
    5 4.980(-0.020)
    5 4.971(-0.029)
    5 5.000(0.000)
    5 5.000(0.000)
    4 3.918(-0.082)
    5 4.921(-0.079)
    5 4.730(-0.270)
    5 4.748(-0.252)
    5 4.978(-0.022)
    1 1.076(0.076)
    1 1.065(0.065)
    1 1.113(0.113)
    1 1.091(0.091)
    1 1.095(0.095)
    5 4.610(-0.390)
    5 4.968(-0.032)
    5 4.884(-0.116)
    5 4.978(-0.022)
    5 4.686(-0.314)
    5 4.976(-0.024)
    5 4.957(-0.043)
    4 3.805(-0.195)
    5 4.922(-0.078)
    5 5.000(0.000)
    5 5.000(0.000)
    5 4.948(-0.052)
    5 5.000(0.000)
    5 5.000(0.000)
    5 5.000(0.000)
    5 4.984(-0.016)
    5 5.000(0.000)
    5 5.000(0.000)
    5 5.000(0.000)
    5 4.960(-0.040)
    5 5.000(0.000)
    5 5.000(0.000)
    5 4.954(-0.046)
    5 4.946(-0.054)
    5 4.758(-0.242)
    5 4.898(-0.102)
    5 5.000(0.000)
    5 4.749(-0.251)
    5 4.938(-0.062)
    5 4.649(-0.351)
    5 5.000(0.000)
    5 5.000(0.000)
    5 5.000(0.000)
    5 4.921(-0.079)
    5 5.000(0.000)
    5 5.000(0.000)
    5 5.000(0.000)
    5 5.000(0.000)
    5 4.619(-0.381)
    5 5.000(0.000)
    5 5.000(0.000)
    5 5.000(0.000)
    5 5.000(0.000)
    5 5.000(0.000)
    5 4.138(-0.862)
    4 3.938(-0.062)
    5 4.924(-0.076)
    5 4.772(-0.228)
    5 4.710(-0.290)
    5 5.000(0.000)
    5 5.000(0.000)
    5 5.000(0.000)
    5 4.318(-0.682)
    4 3.924(-0.076)
    5 5.000(0.000)
    5 5.000(0.000)
    5 5.000(0.000)
    5 5.000(0.000)
    5 5.000(0.000)
    5 5.000(0.000)
    3 3.212(0.212)
    5 5.000(0.000)
    5 5.000(0.000)
    5 4.855(-0.145)
    5 5.000(0.000)
    5 5.000(0.000)
    5 4.792(-0.208)
    5 4.864(-0.136)
    5 4.794(-0.206)
    4 4.049(0.049)
    4 3.852(-0.148)
    4 4.097(0.097)
    4 3.954(-0.046)
    4 4.080(0.080)
    4 3.970(-0.030)
    4 3.942(-0.058)
    5 4.843(-0.157)
    4 3.731(-0.269)
    2 2.182(0.182)
    1 1.529(0.529)
    4 4.073(0.073)
    5 4.911(-0.089)
    5 4.731(-0.269)
    5 5.000(0.000)
    5 4.792(-0.208)
    5 4.917(-0.083)
    5 4.618(-0.382)
    4 3.932(-0.068)
    4 3.941(-0.059)
    5 4.691(-0.309)
    4 4.041(0.041)
    3 3.222(0.222)
    4 3.801(-0.199)
    4 3.937(-0.063)
    4 4.042(0.042)
    4 3.964(-0.036)
    4 4.091(0.091)
    4 4.036(0.036)
    4 4.163(0.163)
    5 4.757(-0.243)
    5 4.700(-0.300)
    4 4.047(0.047)
    4 4.078(0.078)
    5 5.000(0.000)
    5 4.759(-0.241)
    5 5.000(0.000)
    5 5.000(0.000)
    5 5.000(0.000)
    5 5.000(0.000)
    5 5.000(0.000)
    5 5.000(0.000)
    5 5.000(0.000)
    1 1.074(0.074)
    1 1.083(0.083)
    1 1.072(0.072)
    1 1.071(0.071)
    5 4.447(-0.553)
    5 4.912(-0.088)
    5 4.831(-0.169)
    5 4.737(-0.263)
    5 4.650(-0.350)
    5 4.721(-0.279)
    5 4.622(-0.378)
    5 4.930(-0.070)
    5 4.898(-0.102)
    5 4.683(-0.317)
    5 5.000(0.000)
    5 4.539(-0.461)
    5 5.000(0.000)
    5 4.910(-0.090)
    5 4.918(-0.082)
    5 4.784(-0.216)
    5 5.000(0.000)
    5 5.000(0.000)
    5 4.937(-0.063)
    5 4.392(-0.608)
    5 4.682(-0.318)
    5 4.918(-0.082)
    5 4.855(-0.145)
    5 5.000(0.000)
    5 5.000(0.000)
    5 5.000(0.000)
    5 4.984(-0.016)
    5 5.000(0.000)
    5 4.995(-0.005)
    5 4.992(-0.008)
    5 4.383(-0.617)
    3 3.078(0.078)
    5 4.386(-0.614)
    5 4.622(-0.378)
    1 1.102(0.102)
    1 1.079(0.079)
    5 5.000(0.000)
    5 5.000(0.000)
    5 4.666(-0.334)
    5 5.000(0.000)
    5 4.560(-0.440)
    5 4.504(-0.496)
    1 1.380(0.380)
    5 4.600(-0.400)
    5 4.771(-0.229)
    5 4.670(-0.330)
    5 4.939(-0.061)
    4 3.949(-0.051)
    4 4.092(0.092)
    4 4.075(0.075)
    4 4.148(0.148)
    4 3.938(-0.062)
    4 4.052(0.052)
    4 4.099(0.099)
    4 3.974(-0.026)
    4 3.843(-0.157)
    4 4.259(0.259)
    5 4.642(-0.358)
    5 4.952(-0.048)
    5 5.000(0.000)
    5 4.914(-0.086)
    5 4.723(-0.277)
    5 4.462(-0.538)
    5 5.000(0.000)
    5 4.842(-0.158)
    5 5.000(0.000)
    5 4.829(-0.171)
    5 5.000(0.000)
    5 5.000(0.000)
    5 4.860(-0.140)
    5 4.814(-0.186)
    3 3.214(0.214)
    5 4.678(-0.322)
    5 5.000(0.000)
    5 4.671(-0.329)
    5 4.850(-0.150)
    5 4.739(-0.261)
    5 5.000(0.000)
    5 5.000(0.000)
    5 4.993(-0.007)
    5 5.000(0.000)
    5 4.726(-0.274)
    5 5.000(0.000)
    5 5.000(0.000)
    5 4.994(-0.006)
    5 5.000(0.000)
    5 4.908(-0.092)
    5 4.740(-0.260)
    5 4.937(-0.063)
    3 3.309(0.309)
    3 3.090(0.090)
    3 2.972(-0.028)
    3 3.011(0.011)
    3 3.120(0.120)
    4 3.737(-0.263)
    4 3.837(-0.163)
    4 4.034(0.034)
    4 3.957(-0.043)
    4 4.015(0.015)
    4 3.706(-0.294)
    5 5.000(0.000)
    5 4.771(-0.229)
    5 4.784(-0.216)
    5 4.778(-0.222)
    5 4.836(-0.164)
    5 4.705(-0.295)
    5 5.000(0.000)
    5 5.000(0.000)
    5 4.831(-0.169)
    5 5.000(0.000)
    5 4.850(-0.150)
    5 4.645(-0.355)
    5 5.000(0.000)
    5 4.840(-0.160)
    5 4.908(-0.092)
    5 5.000(0.000)
    5 4.894(-0.106)
    5 4.687(-0.313)
    3 2.910(-0.090)
    3 3.046(0.046)
    3 2.944(-0.056)
    3 3.058(0.058)
    3 2.963(-0.037)
    3 3.074(0.074)
    3 3.056(0.056)
    2 2.048(0.048)
    2 1.978(-0.022)
    2 1.807(-0.193)
    2 1.752(-0.248)
    2 1.933(-0.067)
    5 5.000(0.000)
    5 4.553(-0.447)
    5 4.983(-0.017)
    5 5.000(0.000)
    5 4.853(-0.147)
    5 5.000(0.000)
    5 4.741(-0.259)
    5 4.900(-0.100)
    5 4.878(-0.122)
    5 4.512(-0.488)
    5 4.845(-0.155)
    5 4.711(-0.289)
    5 5.000(0.000)
    5 4.616(-0.384)
    5 4.915(-0.085)
    5 4.744(-0.256)
    1 1.093(0.093)
    1 1.067(0.067)
    1 1.116(0.116)
    1 1.111(0.111)
    5 5.000(0.000)
    5 4.926(-0.074)
    1 1.377(0.377)
    1 1.116(0.116)
    3 3.090(0.090)
    3 2.968(-0.032)
    3 3.014(0.014)
    3 2.759(-0.241)
    1 1.538(0.538)
    1 2.038(1.038)
    1 1.064(0.064)
    1 1.096(0.096)
    5 5.000(0.000)
    5 5.000(0.000)
    5 5.000(0.000)
    5 4.717(-0.283)
    5 5.000(0.000)
    2 2.677(0.677)
    5 5.000(0.000)
    4 4.113(0.113)
    5 4.623(-0.377)
    5 4.692(-0.308)
    5 4.556(-0.444)
    1 1.091(0.091)
    1 1.110(0.110)
    1 1.085(0.085)
    1 1.082(0.082)
    1 1.087(0.087)
    1 1.059(0.059)
    1 1.085(0.085)
    5 4.720(-0.280)
    5 4.775(-0.225)
    4 4.045(0.045)
    5 4.518(-0.482)
    5 4.771(-0.229)
    5 4.703(-0.297)
    5 4.856(-0.144)
    5 4.604(-0.396)
    5 4.876(-0.124)
    5 4.913(-0.087)
    5 4.583(-0.417)
    5 4.807(-0.193)
    1 1.099(0.099)
    1 1.095(0.095)
    5 4.229(-0.771)
    4 3.837(-0.163)
    5 4.360(-0.640)
    4 4.010(0.010)
    5 4.889(-0.111)
    5 4.683(-0.317)
    5 4.748(-0.252)
    5 5.000(0.000)
    5 4.966(-0.034)
    5 4.825(-0.175)
    5 4.750(-0.250)
    5 4.968(-0.032)
    5 4.961(-0.039)
    5 5.000(0.000)
    5 5.000(0.000)
    3 3.117(0.117)
    3 3.297(0.297)
    3 3.199(0.199)
    3 3.153(0.153)
    3 3.218(0.218)
    3 3.059(0.059)
    5 4.795(-0.205)
    5 4.799(-0.201)
    5 5.000(0.000)
    5 5.000(0.000)
    5 5.000(0.000)
    5 5.000(0.000)
    5 4.902(-0.098)
    5 5.000(0.000)
    5 5.000(0.000)
    5 5.000(0.000)
    5 5.000(0.000)
    5 4.821(-0.179)
    5 5.000(0.000)
    5 4.698(-0.302)
    5 5.000(0.000)
    5 5.000(0.000)
    5 4.860(-0.140)
    5 5.000(0.000)
    5 5.000(0.000)
    5 5.000(0.000)
    5 5.000(0.000)
    5 4.718(-0.282)
    5 5.000(0.000)
    5 5.000(0.000)
    5 4.624(-0.376)
    5 4.927(-0.073)
    5 4.484(-0.516)
    5 4.857(-0.143)
    5 4.686(-0.314)
    5 4.571(-0.429)
    4 4.079(0.079)
    5 4.972(-0.028)
    5 5.000(0.000)
    5 4.954(-0.046)
    5 5.000(0.000)
    5 5.000(0.000)
    5 5.000(0.000)
    5 4.865(-0.135)
    4 4.106(0.106)
    4 3.823(-0.177)
    4 4.177(0.177)
    4 4.141(0.141)
    5 5.000(0.000)
    5 4.515(-0.485)
    5 4.768(-0.232)
    5 5.000(0.000)

Average Error: 0.139
Correlation: 0.988
Inversion Count: 261
