    5 4.850(-0.150)
    5 5.000(0.000)
    5 5.000(0.000)
    5 4.881(-0.119)
    2 2.900(0.900)
    5 4.886(-0.114)
    5 4.767(-0.233)
    5 5.000(0.000)
    5 4.975(-0.025)
    5 4.993(-0.007)
    1 1.100(0.100)
    1 1.100(0.100)
    1 1.100(0.100)
    5 4.850(-0.150)
    4 3.950(-0.050)
    4 4.150(0.150)
    4 3.994(-0.006)
    4 3.967(-0.033)
    4 3.863(-0.137)
    4 3.924(-0.076)
    4 3.994(-0.006)
    4 3.886(-0.114)
    4 4.007(0.007)
    4 4.042(0.042)
    4 3.806(-0.194)
    4 3.947(-0.053)
    1 1.400(0.400)
    1 1.264(0.264)
    5 5.000(0.000)
    5 5.000(0.000)
    5 5.000(0.000)
    5 4.656(-0.344)
    5 5.000(0.000)
    5 5.000(0.000)
    5 5.000(0.000)
    5 5.000(0.000)
    5 5.000(0.000)
    5 5.000(0.000)
    5 5.000(0.000)
    5 4.788(-0.212)
    5 4.850(-0.150)
    5 4.750(-0.250)
    5 4.866(-0.134)
    5 4.647(-0.353)
    2 2.355(0.355)
    1 1.493(0.493)
    4 3.933(-0.067)
    4 3.942(-0.058)
    1 1.425(0.425)
    5 4.433(-0.567)
    1 1.100(0.100)
    1 1.150(0.150)
    3 3.285(0.285)
    2 2.545(0.545)
    4 4.068(0.068)
    5 4.338(-0.662)
    5 5.000(0.000)
    5 4.663(-0.337)
    5 4.975(-0.025)
    5 5.000(0.000)
    5 4.950(-0.050)
    5 5.000(0.000)
    5 4.725(-0.275)
    5 4.800(-0.200)
    1 1.100(0.100)
    1 1.100(0.100)
    1 1.100(0.100)
    1 1.100(0.100)
    1 1.100(0.100)
    3 3.117(0.117)
    5 4.886(-0.114)
    5 4.600(-0.400)
    5 4.683(-0.317)
    5 4.913(-0.087)
    5 5.000(0.000)
    2 2.624(0.624)
    5 5.000(0.000)
    5 4.924(-0.076)
    5 4.850(-0.150)
    5 4.950(-0.050)
    5 5.000(0.000)
    5 4.675(-0.325)
    5 4.792(-0.208)
    5 4.704(-0.296)
    5 4.668(-0.332)
    5 5.000(0.000)
    5 4.577(-0.423)
    5 4.850(-0.150)
    5 4.725(-0.275)
    5 5.000(0.000)
    4 4.100(0.100)
    4 4.011(0.011)
    4 3.886(-0.114)
    4 3.923(-0.077)
    4 3.944(-0.056)
    5 4.964(-0.036)
    5 5.000(0.000)
    5 4.814(-0.186)
    5 5.000(0.000)
    5 5.000(0.000)
    5 5.000(0.000)
    5 4.950(-0.050)
    5 5.000(0.000)
    5 5.000(0.000)
    5 5.000(0.000)
    5 5.000(0.000)
    5 4.709(-0.291)
    5 5.000(0.000)
    4 4.100(0.100)
    5 5.000(0.000)
    5 5.000(0.000)
    5 4.913(-0.087)
    3 3.017(0.017)
    3 3.338(0.338)
    3 3.100(0.100)
    1 1.100(0.100)
    1 1.100(0.100)
    1 1.100(0.100)
    1 1.100(0.100)
    1 1.100(0.100)
    1 1.100(0.100)
    4 3.950(-0.050)
    4 4.072(0.072)
    4 4.150(0.150)
    5 4.924(-0.076)
    5 4.648(-0.352)
    5 4.797(-0.203)
    5 4.782(-0.218)
    5 4.982(-0.018)
    5 4.709(-0.291)
    5 4.753(-0.247)
    5 4.688(-0.312)
    5 4.982(-0.018)
    5 5.000(0.000)
    5 4.475(-0.525)
    5 4.469(-0.531)
    5 4.600(-0.400)
    5 4.913(-0.087)
    3 3.438(0.438)
    5 4.975(-0.025)
    1 1.100(0.100)
    5 5.000(0.000)
    5 5.000(0.000)
    5 5.000(0.000)
    5 4.975(-0.025)
    5 5.000(0.000)
    5 4.600(-0.400)
    5 4.993(-0.007)
    5 5.000(0.000)
    5 5.000(0.000)
    5 4.993(-0.007)
    5 5.000(0.000)
    5 4.721(-0.279)
    4 3.995(-0.005)
    5 4.493(-0.507)
    1 1.204(0.204)
    1 1.650(0.650)
    1 1.500(0.500)
    5 4.950(-0.050)
    5 5.000(0.000)
    5 5.000(0.000)
    5 5.000(0.000)
    5 5.000(0.000)
    5 5.000(0.000)
    5 5.000(0.000)
    5 5.000(0.000)
    5 4.695(-0.305)
    5 4.725(-0.275)
    5 4.770(-0.230)
    4 4.088(0.088)
    5 4.450(-0.550)
    4 4.045(0.045)
    5 4.567(-0.433)
    2 2.425(0.425)
    2 2.344(0.344)
    2 1.968(-0.032)
    2 2.204(0.204)
    5 4.725(-0.275)
    5 5.000(0.000)
    5 4.850(-0.150)
    5 4.814(-0.186)
    5 4.833(-0.167)
    5 5.000(0.000)
    5 5.000(0.000)
    5 4.975(-0.025)
    5 4.836(-0.164)
    5 5.000(0.000)
    5 5.000(0.000)
    5 4.683(-0.317)
    5 4.761(-0.239)
    5 4.906(-0.094)
    5 5.000(0.000)
    5 5.000(0.000)
    5 5.000(0.000)
    5 4.833(-0.167)
    5 4.792(-0.208)
    5 4.803(-0.197)
    5 5.000(0.000)
    5 5.000(0.000)
    5 4.567(-0.433)
    5 4.761(-0.239)
    4 4.009(0.009)
    4 4.197(0.197)
    4 4.071(0.071)
    4 4.025(0.025)
    4 4.144(0.144)
    4 4.115(0.115)
    4 4.045(0.045)
    4 3.993(-0.007)
    4 4.038(0.038)
    4 3.700(-0.300)
    5 4.800(-0.200)
    2 2.058(0.058)
    5 5.000(0.000)
    5 4.913(-0.087)
    5 5.000(0.000)
    5 4.993(-0.007)
    5 5.000(0.000)
    5 5.000(0.000)
    5 5.000(0.000)
    2 1.504(-0.496)
    2 2.233(0.233)
    2 2.150(0.150)
    2 1.767(-0.233)
    2 2.100(0.100)
    2 2.233(0.233)
    2 2.100(0.100)
    2 2.233(0.233)
    2 2.100(0.100)
    2 2.100(0.100)
    2 1.900(-0.100)
    2 2.233(0.233)
    2 2.100(0.100)
    2 1.900(-0.100)
    3 2.983(-0.017)
    4 4.006(0.006)
    5 4.757(-0.243)
    5 4.558(-0.442)
    5 4.553(-0.447)
    5 4.950(-0.050)
    5 4.760(-0.240)
    4 4.292(0.292)
    4 4.177(0.177)
    4 4.100(0.100)
    5 5.000(0.000)
    5 4.950(-0.050)
    5 5.000(0.000)
    5 4.642(-0.358)
    5 4.850(-0.150)
    5 5.000(0.000)
    5 5.000(0.000)
    5 4.800(-0.200)
    2 2.233(0.233)
    2 2.100(0.100)
    2 2.400(0.400)
    2 2.043(0.043)
    4 4.046(0.046)
    4 3.950(-0.050)
    5 4.850(-0.150)
    5 4.076(-0.924)
    5 4.600(-0.400)
    5 5.000(0.000)
    5 5.000(0.000)
    5 5.000(0.000)
    5 4.386(-0.614)
    5 4.776(-0.224)
    5 4.305(-0.695)
    5 4.756(-0.244)
    4 4.301(0.301)
    5 4.330(-0.670)
    5 4.600(-0.400)
    5 5.000(0.000)
    5 4.642(-0.358)
    5 4.644(-0.356)
    5 4.572(-0.428)
    3 3.141(0.141)
    5 4.505(-0.495)
    2 2.150(0.150)
    2 2.100(0.100)
    2 1.900(-0.100)
    2 2.100(0.100)
    1 1.100(0.100)
    1 1.300(0.300)
    1 1.100(0.100)
    1 1.100(0.100)
    1 1.100(0.100)
    1 1.344(0.344)
    2 2.100(0.100)
    1 1.100(0.100)
    1 1.100(0.100)
    1 1.100(0.100)
    1 1.100(0.100)
    1 1.100(0.100)
    2 1.600(-0.400)
    1 1.400(0.400)
    4 3.730(-0.270)
    4 3.694(-0.306)
    4 3.904(-0.096)
    3 3.150(0.150)
    3 3.077(0.077)
    3 3.200(0.200)
    3 3.041(0.041)
    4 4.036(0.036)
    5 5.000(0.000)
    4 3.767(-0.233)
    5 4.653(-0.347)
    5 4.550(-0.450)
    5 4.294(-0.706)
    5 4.420(-0.580)
    1 1.100(0.100)
    1 1.100(0.100)
    3 2.950(-0.050)
    3 2.950(-0.050)
    3 2.825(-0.175)
    3 3.150(0.150)
    3 3.077(0.077)
    3 2.850(-0.150)
    3 3.050(0.050)
    5 5.000(0.000)
    5 4.850(-0.150)
    5 5.000(0.000)
    5 4.725(-0.275)
    5 4.569(-0.431)
    5 4.647(-0.353)
    5 4.623(-0.377)
    1 1.659(0.659)
    1 1.958(0.958)
    5 5.000(0.000)
    5 4.833(-0.167)
    5 4.833(-0.167)
    5 4.850(-0.150)
    5 5.000(0.000)
    5 5.000(0.000)
    5 5.000(0.000)
    5 5.000(0.000)
    5 5.000(0.000)
    5 4.792(-0.208)
    5 4.718(-0.282)
    4 3.707(-0.293)
    4 4.010(0.010)
    4 4.171(0.171)
    4 4.031(0.031)
    4 3.962(-0.038)
    3 3.208(0.208)
    3 3.122(0.122)
    5 5.000(0.000)
    5 5.000(0.000)
    5 5.000(0.000)
    5 5.000(0.000)
    5 5.000(0.000)
    5 5.000(0.000)
    5 4.663(-0.337)
    3 3.650(0.650)
    5 5.000(0.000)
    5 4.566(-0.434)
    5 4.712(-0.288)
    5 4.776(-0.224)
    5 4.959(-0.041)
    5 4.336(-0.664)
    5 4.674(-0.326)
    5 5.000(0.000)
    5 4.572(-0.428)
    5 5.000(0.000)
    3 3.100(0.100)
    5 5.000(0.000)
    5 5.000(0.000)
    5 5.000(0.000)
    5 5.000(0.000)
    4 4.114(0.114)
    5 5.000(0.000)
    4 3.930(-0.070)
    4 3.944(-0.056)
    5 4.975(-0.025)
    5 4.913(-0.087)
    5 4.517(-0.483)
    5 4.800(-0.200)
    5 4.950(-0.050)
    3 3.007(0.007)
    3 3.350(0.350)
    3 3.007(0.007)
    3 3.100(0.100)
    3 2.850(-0.150)
    3 2.950(-0.050)
    3 2.950(-0.050)
    3 3.039(0.039)
    3 3.100(0.100)
    3 3.150(0.150)
    3 3.007(0.007)
    3 3.100(0.100)
    3 3.017(0.017)
    3 3.039(0.039)
    3 3.017(0.017)
    5 4.709(-0.291)
    5 4.383(-0.617)
    5 4.402(-0.598)
    5 4.511(-0.489)
    5 5.000(0.000)
    5 4.886(-0.114)
    4 4.019(0.019)
    5 4.951(-0.049)
    5 5.000(0.000)
    5 4.850(-0.150)
    5 4.886(-0.114)
    5 4.850(-0.150)
    5 5.000(0.000)
    5 5.000(0.000)
    5 5.000(0.000)
    5 4.792(-0.208)
    5 4.833(-0.167)
    5 4.300(-0.700)
    5 4.865(-0.135)
    5 4.833(-0.167)
    5 5.000(0.000)
    5 4.889(-0.111)
    5 5.000(0.000)
    5 5.000(0.000)
    5 5.000(0.000)
    5 4.656(-0.344)
    5 5.000(0.000)
    5 4.709(-0.291)
    5 5.000(0.000)
    5 5.000(0.000)
    5 4.792(-0.208)
    5 4.761(-0.239)
    5 5.000(0.000)
    5 4.319(-0.681)
    5 4.767(-0.233)
    5 4.793(-0.207)
    5 4.910(-0.090)
    5 4.811(-0.189)
    5 4.725(-0.275)
    5 4.910(-0.090)
    5 4.507(-0.493)
    5 4.767(-0.233)
    5 4.652(-0.348)
    5 5.000(0.000)
    1 1.414(0.414)
    5 4.453(-0.547)
    5 4.950(-0.050)
    5 4.975(-0.025)
    5 5.000(0.000)
    5 4.650(-0.350)
    5 5.000(0.000)
    5 5.000(0.000)
    5 4.833(-0.167)
    5 4.942(-0.058)
    5 4.902(-0.098)
    5 5.000(0.000)
    5 4.700(-0.300)
    5 5.000(0.000)
    5 4.600(-0.400)
    5 5.000(0.000)
    5 4.600(-0.400)
    5 5.000(0.000)
    5 5.000(0.000)
    5 5.000(0.000)
    5 5.000(0.000)
    5 5.000(0.000)
    5 5.000(0.000)
    5 4.600(-0.400)
    5 5.000(0.000)
    5 5.000(0.000)
    3 3.217(0.217)
    3 3.100(0.100)
    3 3.061(0.061)
    3 3.350(0.350)
    3 3.250(0.250)
    3 3.567(0.567)
    3 3.058(0.058)
    3 2.996(-0.004)
    3 3.150(0.150)
    5 5.000(0.000)
    5 5.000(0.000)
    4 4.015(0.015)
    5 4.679(-0.321)
    4 4.221(0.221)
    5 4.668(-0.332)
    5 4.761(-0.239)
    5 4.904(-0.096)
    5 4.950(-0.050)
    5 4.950(-0.050)
    5 5.000(0.000)
    3 3.372(0.372)
    3 3.275(0.275)
    5 4.950(-0.050)
    5 4.805(-0.195)
    5 4.725(-0.275)
    5 3.982(-1.018)
    5 4.028(-0.972)
    4 4.186(0.186)
    4 4.069(0.069)
    5 4.350(-0.650)
    5 4.536(-0.464)
    2 2.119(0.119)
    5 4.443(-0.557)
    5 4.600(-0.400)
    5 4.948(-0.052)
    5 4.800(-0.200)
    5 4.725(-0.275)
    1 1.213(0.213)
    5 5.000(0.000)
    5 4.804(-0.196)
    4 3.950(-0.050)
    4 3.928(-0.072)
    4 3.983(-0.017)
    4 3.928(-0.072)
    4 4.100(0.100)
    5 4.780(-0.220)
    5 4.860(-0.140)
    5 4.581(-0.419)
    5 4.813(-0.187)
    4 4.150(0.150)
    2 2.233(0.233)
    2 2.100(0.100)
    5 4.788(-0.212)
    5 4.752(-0.248)
    4 3.983(-0.017)
    5 5.000(0.000)
    5 5.000(0.000)
    5 5.000(0.000)
    5 4.767(-0.233)
    5 5.000(0.000)
    4 4.233(0.233)
    5 4.850(-0.150)
    5 4.144(-0.856)
    5 4.772(-0.228)
    5 4.425(-0.575)
    5 4.723(-0.277)
    5 4.913(-0.087)
    5 5.000(0.000)
    5 5.000(0.000)
    5 5.000(0.000)
    5 5.000(0.000)
    1 1.121(0.121)
    1 1.215(0.215)
    1 1.150(0.150)
    1 1.210(0.210)
    1 1.172(0.172)
    5 4.767(-0.233)
    5 4.395(-0.605)
    5 4.282(-0.718)
    5 4.803(-0.197)
    5 4.552(-0.448)
    4 3.817(-0.183)
    5 5.000(0.000)
    5 4.154(-0.846)
    5 5.000(0.000)
    1 1.100(0.100)
    1 1.264(0.264)
    3 3.752(0.752)
    5 4.850(-0.150)
    5 4.776(-0.224)
    4 3.910(-0.090)
    5 4.978(-0.022)
    4 4.020(0.020)
    5 4.475(-0.525)
    5 4.491(-0.509)
    4 3.890(-0.110)
    5 5.000(0.000)
    5 4.656(-0.344)
    5 4.767(-0.233)
    5 4.572(-0.428)
    4 4.094(0.094)
    5 4.624(-0.376)
    4 3.837(-0.163)
    4 3.703(-0.297)
    4 3.837(-0.163)
    4 3.968(-0.032)
    4 3.806(-0.194)
    4 3.503(-0.497)
    4 3.812(-0.188)
    5 4.577(-0.423)
    3 3.050(0.050)
    5 5.000(0.000)
    5 4.825(-0.175)
    5 4.933(-0.067)
    5 5.000(0.000)
    5 4.779(-0.221)
    5 4.725(-0.275)
    5 5.000(0.000)
    5 4.827(-0.173)
    5 5.000(0.000)
    5 4.656(-0.344)
    5 4.985(-0.015)
    4 4.001(0.001)
    5 4.903(-0.097)
    5 5.000(0.000)
    5 5.000(0.000)
    5 5.000(0.000)
    5 5.000(0.000)
    5 5.000(0.000)
    5 5.000(0.000)
    5 5.000(0.000)
    5 5.000(0.000)
    5 5.000(0.000)
    5 5.000(0.000)
    5 4.550(-0.450)
    1 1.100(0.100)
    1 1.225(0.225)
    1 1.039(0.039)
    5 5.000(0.000)
    5 5.000(0.000)
    5 5.000(0.000)
    5 4.975(-0.025)
    3 3.125(0.125)
    4 4.032(0.032)
    5 5.000(0.000)
    5 5.000(0.000)
    5 5.000(0.000)
    5 5.000(0.000)
    5 5.000(0.000)
    5 4.825(-0.175)
    5 5.000(0.000)
    5 5.000(0.000)
    2 2.167(0.167)
    2 2.631(0.631)
    5 5.000(0.000)
    5 5.000(0.000)
    5 5.000(0.000)
    5 5.000(0.000)
    4 3.850(-0.150)
    4 3.700(-0.300)
    4 3.600(-0.400)
    4 3.207(-0.793)
    5 4.142(-0.858)
    5 4.456(-0.544)
    2 1.983(-0.017)
    1 1.100(0.100)
    5 5.000(0.000)
    5 4.850(-0.150)
    5 5.000(0.000)
    5 5.000(0.000)
    5 4.993(-0.007)
    5 4.600(-0.400)
    5 4.950(-0.050)
    5 4.993(-0.007)
    5 4.913(-0.087)
    5 4.725(-0.275)
    5 4.913(-0.087)
    5 5.000(0.000)
    5 5.000(0.000)
    5 5.000(0.000)
    5 5.000(0.000)
    5 5.000(0.000)
    5 5.000(0.000)
    5 5.000(0.000)
    4 4.100(0.100)
    4 3.758(-0.242)
    5 4.725(-0.275)
    5 5.000(0.000)
    5 5.000(0.000)
    5 5.000(0.000)
    5 5.000(0.000)
    5 5.000(0.000)
    5 5.000(0.000)
    5 4.850(-0.150)
    5 4.313(-0.687)
    5 5.000(0.000)
    5 5.000(0.000)
    5 5.000(0.000)
    5 5.000(0.000)
    5 4.950(-0.050)
    5 4.550(-0.450)
    5 4.725(-0.275)
    5 4.559(-0.441)
    5 4.713(-0.287)
    5 4.967(-0.033)
    5 5.000(0.000)
    5 4.913(-0.087)
    5 5.000(0.000)
    5 5.000(0.000)
    5 5.000(0.000)
    5 5.000(0.000)
    5 4.913(-0.087)
    5 5.000(0.000)
    4 3.806(-0.194)
    4 3.910(-0.090)
    4 4.002(0.002)
    4 3.906(-0.094)
    4 3.770(-0.230)
    4 3.878(-0.122)
    4 3.888(-0.112)
    4 3.929(-0.071)
    4 3.993(-0.007)
    4 3.879(-0.121)
    4 3.986(-0.014)
    5 4.584(-0.416)
    5 4.517(-0.483)
    4 3.905(-0.095)
    5 4.550(-0.450)
    4 3.683(-0.317)
    5 4.713(-0.287)
    4 3.925(-0.075)
    5 4.714(-0.286)
    4 3.997(-0.003)
    5 4.678(-0.322)
    5 4.671(-0.329)
    5 4.689(-0.311)
    5 4.871(-0.129)
    5 4.693(-0.307)
    5 4.779(-0.221)
    5 4.643(-0.357)
    5 4.666(-0.334)
    5 4.772(-0.228)
    5 4.546(-0.454)
    4 3.753(-0.247)
    5 4.752(-0.248)
    5 4.657(-0.343)
    5 4.583(-0.417)
    5 4.936(-0.064)
    5 3.812(-1.188)
    2 3.271(1.271)
    5 4.703(-0.297)
    5 4.936(-0.064)
    5 4.850(-0.150)
    3 3.280(0.280)
    4 3.742(-0.258)
    5 4.842(-0.158)
    5 4.517(-0.483)
    5 4.353(-0.647)
    5 4.613(-0.387)
    5 4.538(-0.462)
    5 4.757(-0.243)
    5 4.617(-0.383)
    5 4.795(-0.205)
    5 5.000(0.000)
    5 5.000(0.000)
    5 4.950(-0.050)
    5 4.735(-0.265)
    5 4.792(-0.208)
    5 4.652(-0.348)
    5 5.000(0.000)
    5 4.191(-0.809)
    5 4.578(-0.422)
    5 5.000(0.000)
    5 4.875(-0.125)
    4 4.306(0.306)
    4 3.939(-0.061)
    5 4.765(-0.235)
    3 3.576(0.576)
    5 4.526(-0.474)
    5 4.617(-0.383)
    5 5.000(0.000)
    5 5.000(0.000)
    5 5.000(0.000)
    5 5.000(0.000)
    5 5.000(0.000)
    5 4.690(-0.310)
    5 5.000(0.000)
    1 1.551(0.551)
    1 1.513(0.513)
    1 1.565(0.565)
    1 1.623(0.623)
    1 1.562(0.562)
    5 5.000(0.000)
    5 5.000(0.000)
    5 4.950(-0.050)
    5 5.000(0.000)
    5 5.000(0.000)
    5 4.933(-0.067)
    5 4.964(-0.036)
    5 5.000(0.000)
    5 5.000(0.000)
    2 2.522(0.522)
    2 2.512(0.512)
    5 4.850(-0.150)
    5 4.564(-0.436)
    2 2.354(0.354)
    2 2.268(0.268)
    2 2.138(0.138)
    5 4.717(-0.283)
    2 2.197(0.197)
    2 1.973(-0.027)
    2 2.388(0.388)
    4 4.050(0.050)
    4 3.814(-0.186)
    4 4.275(0.275)
    4 3.971(-0.029)
    4 3.993(-0.007)
    4 3.993(-0.007)
    4 3.991(-0.009)
    5 5.000(0.000)
    5 5.000(0.000)
    5 5.000(0.000)
    5 5.000(0.000)
    5 5.000(0.000)
    5 5.000(0.000)
    5 5.000(0.000)
    5 5.000(0.000)
    5 5.000(0.000)
    5 5.000(0.000)
    5 5.000(0.000)
    5 5.000(0.000)
    5 4.800(-0.200)
    5 5.000(0.000)
    5 4.650(-0.350)
    5 4.725(-0.275)
    5 5.000(0.000)
    5 5.000(0.000)
    5 5.000(0.000)
    5 5.000(0.000)
    5 4.975(-0.025)
    5 5.000(0.000)
    5 4.805(-0.195)
    2 2.711(0.711)
    5 5.000(0.000)
    5 5.000(0.000)
    5 5.000(0.000)
    5 5.000(0.000)
    5 4.433(-0.567)
    5 5.000(0.000)
    5 5.000(0.000)
    1 1.492(0.492)
    5 4.650(-0.350)
    3 3.406(0.406)
    5 4.512(-0.488)
    5 4.336(-0.664)
    3 2.942(-0.058)
    3 2.957(-0.043)
    4 3.743(-0.257)
    2 2.355(0.355)
    2 2.036(0.036)
    2 2.105(0.105)
    2 2.438(0.438)
    5 5.000(0.000)
    5 5.000(0.000)
    5 5.000(0.000)
    5 4.700(-0.300)
    5 4.886(-0.114)
    5 4.656(-0.344)
    5 5.000(0.000)
    4 3.942(-0.058)
    4 4.034(0.034)
    4 4.006(0.006)
    5 4.538(-0.462)
    5 5.000(0.000)
    5 4.725(-0.275)
    5 5.000(0.000)
    5 5.000(0.000)
    5 4.500(-0.500)
    3 3.289(0.289)
    3 3.025(0.025)
    5 4.850(-0.150)
    5 4.950(-0.050)
    5 4.707(-0.293)
    5 4.736(-0.264)
    5 4.993(-0.007)
    5 4.850(-0.150)
    2 2.829(0.829)
    5 4.711(-0.289)
    4 3.782(-0.218)
    4 4.058(0.058)
    1 1.100(0.100)
    5 4.541(-0.459)
    5 4.442(-0.558)
    5 4.540(-0.460)
    5 4.732(-0.268)
    3 3.271(0.271)
    3 3.311(0.311)
    3 3.266(0.266)
    5 4.913(-0.087)
    5 4.486(-0.514)
    5 4.964(-0.036)
    5 4.546(-0.454)
    5 4.656(-0.344)
    5 4.776(-0.224)
    3 3.261(0.261)
    3 3.100(0.100)
    3 3.007(0.007)
    3 2.950(-0.050)
    3 2.850(-0.150)
    4 4.261(0.261)
    5 5.000(0.000)
    5 4.782(-0.218)
    4 4.108(0.108)
    4 4.100(0.100)
    4 4.032(0.032)
    4 3.886(-0.114)
    4 4.038(0.038)
    4 3.975(-0.025)
    4 3.931(-0.069)
    4 3.850(-0.150)
    4 4.103(0.103)
    4 4.000(0.000)
    4 3.975(-0.025)
    4 3.957(-0.043)
    5 4.691(-0.309)
    5 4.884(-0.116)
    5 4.588(-0.412)
    5 5.000(0.000)
    5 5.000(0.000)
    5 5.000(0.000)
    5 5.000(0.000)
    5 5.000(0.000)
    5 4.600(-0.400)
    5 5.000(0.000)
    5 4.725(-0.275)
    5 4.886(-0.114)
    5 4.975(-0.025)
    5 4.975(-0.025)
    4 4.122(0.122)
    4 3.975(-0.025)
    4 4.050(0.050)
    4 4.055(0.055)
    3 2.983(-0.017)
    3 3.100(0.100)
    5 4.779(-0.221)
    5 4.863(-0.137)
    5 4.946(-0.054)
    5 4.850(-0.150)
    5 5.000(0.000)
    5 4.663(-0.337)
    5 4.625(-0.375)
    5 4.314(-0.686)
    4 3.929(-0.071)
    5 4.148(-0.852)
    5 4.764(-0.236)
    5 5.000(0.000)
    5 4.800(-0.200)
    3 3.108(0.108)
    3 3.400(0.400)
    3 2.983(-0.017)
    3 3.079(0.079)
    5 4.671(-0.329)
    5 5.000(0.000)
    4 3.850(-0.150)
    4 4.150(0.150)
    4 3.734(-0.266)
    5 4.570(-0.430)
    3 3.100(0.100)
    5 5.000(0.000)
    5 5.000(0.000)
    5 5.000(0.000)
    2 2.100(0.100)
    2 1.989(-0.011)
    2 2.100(0.100)
    2 1.989(-0.011)
    2 1.827(-0.173)
    2 2.678(0.678)
    5 4.950(-0.050)
    5 4.950(-0.050)
    5 4.913(-0.087)
    5 4.950(-0.050)
    5 4.975(-0.025)
    4 4.329(0.329)
    4 4.100(0.100)
    4 3.927(-0.073)
    4 4.094(0.094)
    4 4.100(0.100)
    4 4.275(0.275)
    4 4.127(0.127)
    5 4.469(-0.531)
    5 4.735(-0.265)
    5 4.187(-0.813)
    5 4.399(-0.601)
    5 4.517(-0.483)
    2 1.983(-0.017)
    2 2.025(0.025)
    2 2.150(0.150)
    2 1.991(-0.009)
    2 1.683(-0.317)
    5 4.509(-0.491)
    5 4.811(-0.189)
    5 4.558(-0.442)
    5 4.788(-0.212)
    5 4.913(-0.087)
    5 4.600(-0.400)
    5 4.671(-0.329)
    5 5.000(0.000)
    5 4.993(-0.007)
    5 4.433(-0.567)
    5 5.000(0.000)
    5 5.000(0.000)
    5 5.000(0.000)
    5 5.000(0.000)
    5 4.504(-0.496)
    3 2.850(-0.150)
    2 2.150(0.150)
    5 4.654(-0.346)
    5 4.693(-0.307)
    5 4.663(-0.337)
    5 4.901(-0.099)
    5 4.776(-0.224)
    5 4.771(-0.229)
    5 4.606(-0.394)
    5 4.986(-0.014)
    5 4.933(-0.067)
    5 4.719(-0.281)
    5 4.703(-0.297)
    5 4.926(-0.074)
    5 4.865(-0.135)
    5 4.702(-0.298)
    5 4.600(-0.400)
    5 4.750(-0.250)
    5 4.502(-0.498)
    5 4.652(-0.348)
    2 2.583(0.583)
    5 4.504(-0.496)
    5 4.993(-0.007)
    5 4.654(-0.346)
    5 5.000(0.000)
    5 5.000(0.000)
    5 5.000(0.000)
    5 5.000(0.000)
    5 4.700(-0.300)
    5 4.704(-0.296)
    5 4.964(-0.036)
    5 4.850(-0.150)
    1 1.673(0.673)
    1 1.752(0.752)
    3 2.905(-0.095)
    3 3.160(0.160)
    5 4.975(-0.025)
    5 4.993(-0.007)
    5 5.000(0.000)
    5 4.600(-0.400)
    5 4.993(-0.007)
    5 4.985(-0.015)
    3 3.103(0.103)
    4 4.046(0.046)
    5 4.850(-0.150)
    5 4.421(-0.579)
    1 1.100(0.100)
    1 1.100(0.100)
    1 1.100(0.100)
    1 1.100(0.100)
    1 1.100(0.100)
    5 4.468(-0.532)
    5 4.317(-0.683)
    5 5.000(0.000)
    5 5.000(0.000)
    5 5.000(0.000)
    5 5.000(0.000)
    5 5.000(0.000)
    5 5.000(0.000)
    5 5.000(0.000)
    5 5.000(0.000)
    5 4.913(-0.087)
    5 5.000(0.000)
    5 5.000(0.000)
    5 4.871(-0.129)
    5 4.783(-0.217)
    5 4.985(-0.015)
    5 5.000(0.000)
    5 5.000(0.000)
    5 5.000(0.000)
    5 5.000(0.000)
    5 4.704(-0.296)
    4 3.914(-0.086)
    4 3.731(-0.269)
    4 3.930(-0.070)
    4 3.739(-0.261)
    4 3.935(-0.065)
    5 4.886(-0.114)
    5 4.950(-0.050)
    5 4.930(-0.070)
    4 4.363(0.363)
    5 4.447(-0.553)
    4 4.043(0.043)
    3 3.686(0.686)
    4 3.956(-0.044)
    5 5.000(0.000)
    5 5.000(0.000)
    5 4.761(-0.239)
    5 4.884(-0.116)
    4 4.009(0.009)
    5 5.000(0.000)
    5 5.000(0.000)
    5 4.850(-0.150)
    5 4.700(-0.300)
    5 4.964(-0.036)
    4 3.942(-0.058)
    4 3.928(-0.072)
    4 4.206(0.206)
    5 5.000(0.000)
    4 3.928(-0.072)
    2 2.011(0.011)
    2 2.100(0.100)
    2 2.076(0.076)
    2 2.041(0.041)
    2 2.043(0.043)
    2 1.953(-0.047)
    5 5.000(0.000)
    5 5.000(0.000)
    5 4.707(-0.293)
    5 5.000(0.000)
    1 1.100(0.100)
    1 1.100(0.100)
    1 1.100(0.100)
    1 1.100(0.100)
    1 1.100(0.100)
    1 1.100(0.100)
    1 1.100(0.100)
    1 1.100(0.100)
    4 3.975(-0.025)
    3 3.412(0.412)
    5 4.933(-0.067)
    3 3.067(0.067)
    1 1.108(0.108)
    1 1.100(0.100)
    5 4.394(-0.606)
    5 4.317(-0.683)
    4 4.217(0.217)
    5 4.415(-0.585)
    5 5.000(0.000)
    5 4.794(-0.206)
    5 5.000(0.000)
    5 5.000(0.000)
    5 4.948(-0.052)
    1 1.567(0.567)
    1 1.317(0.317)
    1 1.100(0.100)
    1 1.317(0.317)
    5 4.913(-0.087)
    1 1.317(0.317)
    1 1.100(0.100)
    4 4.400(0.400)
    4 4.150(0.150)
    4 4.150(0.150)
    4 4.150(0.150)
    5 5.000(0.000)
    5 4.850(-0.150)
    5 5.000(0.000)
    5 4.725(-0.275)
    5 4.913(-0.087)
    5 4.913(-0.087)
    3 3.221(0.221)
    3 3.372(0.372)
    5 4.725(-0.275)
    5 4.362(-0.638)
    5 4.255(-0.745)
    5 5.000(0.000)
    5 5.000(0.000)
    5 4.714(-0.286)
    5 5.000(0.000)
    5 5.000(0.000)
    5 4.850(-0.150)
    5 5.000(0.000)
    5 4.993(-0.007)
    5 4.623(-0.377)
    5 4.462(-0.538)
    5 4.819(-0.181)
    5 4.366(-0.634)
    4 4.150(0.150)
    4 3.928(-0.072)
    5 4.850(-0.150)
    5 4.715(-0.285)
    5 4.827(-0.173)
    4 3.679(-0.321)
    5 4.645(-0.355)
    4 4.058(0.058)
    4 4.014(0.014)
    5 4.705(-0.295)
    5 4.350(-0.650)
    4 3.850(-0.150)
    4 4.150(0.150)
    4 3.850(-0.150)
    5 4.259(-0.741)
    5 4.707(-0.293)
    5 4.913(-0.087)
    5 5.000(0.000)
    5 5.000(0.000)
    5 5.000(0.000)
    5 5.000(0.000)
    4 4.125(0.125)
    4 4.054(0.054)
    4 3.923(-0.077)
    4 4.314(0.314)
    1 1.300(0.300)
    1 1.304(0.304)
    5 4.913(-0.087)
    5 4.850(-0.150)
    5 4.725(-0.275)
    2 1.900(-0.100)
    2 1.950(-0.050)
    2 2.025(0.025)
    5 4.808(-0.192)
    5 4.654(-0.346)
    5 4.725(-0.275)
    5 4.779(-0.221)
    5 4.544(-0.456)
    5 4.950(-0.050)
    5 4.825(-0.175)
    5 4.600(-0.400)
    5 4.763(-0.237)
    4 4.025(0.025)
    3 3.100(0.100)
    5 4.792(-0.208)
    5 5.000(0.000)
    5 5.000(0.000)
    5 5.000(0.000)
    5 4.850(-0.150)
    5 5.000(0.000)
    5 4.950(-0.050)
    3 3.125(0.125)
    5 4.541(-0.459)
    5 4.381(-0.619)
    5 5.000(0.000)
    5 4.950(-0.050)
    5 4.850(-0.150)
    5 5.000(0.000)
    5 4.950(-0.050)
    5 5.000(0.000)
    5 4.850(-0.150)
    5 4.975(-0.025)
    5 4.895(-0.105)
    5 5.000(0.000)
    5 4.517(-0.483)
    5 4.895(-0.105)
    5 4.800(-0.200)
    5 4.875(-0.125)
    5 4.564(-0.436)
    5 4.725(-0.275)
    5 4.645(-0.355)
    5 4.625(-0.375)
    5 4.711(-0.289)
    5 4.993(-0.007)
    5 4.889(-0.111)
    5 4.679(-0.321)
    5 4.865(-0.135)
    5 5.000(0.000)
    5 5.000(0.000)
    5 4.918(-0.082)
    5 4.782(-0.218)
    5 4.700(-0.300)
    5 5.000(0.000)
    5 4.913(-0.087)
    5 4.950(-0.050)
    5 4.964(-0.036)
    5 5.000(0.000)
    5 4.725(-0.275)
    1 1.932(0.932)
    4 3.767(-0.233)
    4 4.100(0.100)
    4 4.043(0.043)
    5 5.000(0.000)
    5 4.550(-0.450)
    5 4.700(-0.300)
    5 4.825(-0.175)
    5 5.000(0.000)
    4 4.025(0.025)
    4 3.981(-0.019)
    4 3.900(-0.100)
    4 3.917(-0.083)
    5 4.850(-0.150)
    5 4.707(-0.293)
    5 5.000(0.000)
    5 5.000(0.000)
    5 5.000(0.000)
    5 4.993(-0.007)
    5 4.975(-0.025)
    5 5.000(0.000)
    5 5.000(0.000)
    5 5.000(0.000)
    5 5.000(0.000)
    5 4.913(-0.087)
    5 4.975(-0.025)
    5 4.350(-0.650)
    5 5.000(0.000)
    5 4.800(-0.200)
    5 5.000(0.000)
    5 4.225(-0.775)
    5 4.463(-0.537)
    5 4.792(-0.208)
    5 4.946(-0.054)
    5 4.814(-0.186)
    5 4.952(-0.048)
    5 4.930(-0.070)
    2 2.192(0.192)
    5 4.725(-0.275)
    4 3.913(-0.087)
    5 4.632(-0.368)
    5 4.710(-0.290)
    5 5.000(0.000)
    5 4.975(-0.025)
    5 5.000(0.000)
    5 4.975(-0.025)
    5 5.000(0.000)
    5 4.818(-0.182)
    4 4.029(0.029)
    5 5.000(0.000)
    5 5.000(0.000)
    5 4.895(-0.105)
    5 5.000(0.000)
    5 4.950(-0.050)
    5 5.000(0.000)
    4 4.081(0.081)
    5 4.583(-0.417)
    5 4.700(-0.300)
    5 4.711(-0.289)
    5 5.000(0.000)
    5 5.000(0.000)
    5 4.993(-0.007)
    4 4.091(0.091)
    4 3.958(-0.042)
    4 4.261(0.261)
    4 3.575(-0.425)
    4 4.058(0.058)
    4 4.032(0.032)
    4 3.950(-0.050)
    4 3.986(-0.014)
    4 3.825(-0.175)
    4 3.961(-0.039)
    4 4.100(0.100)
    4 4.075(0.075)
    4 4.181(0.181)
    4 4.007(0.007)
    4 3.993(-0.007)
    4 3.850(-0.150)
    4 4.069(0.069)
    5 4.493(-0.507)
    5 4.756(-0.244)
    4 3.994(-0.006)
    4 3.825(-0.175)
    3 2.950(-0.050)
    3 3.150(0.150)
    3 3.017(0.017)
    3 3.050(0.050)
    5 5.000(0.000)
    5 5.000(0.000)
    5 5.000(0.000)
    5 5.000(0.000)
    5 5.000(0.000)
    5 5.000(0.000)
    5 5.000(0.000)
    5 5.000(0.000)
    5 5.000(0.000)
    5 5.000(0.000)
    1 1.567(0.567)
    1 1.400(0.400)
    1 1.167(0.167)
    4 3.655(-0.345)
    5 4.594(-0.406)
    3 3.007(0.007)
    3 3.338(0.338)
    5 4.626(-0.374)
    5 4.779(-0.221)
    5 4.457(-0.543)
    5 4.819(-0.181)
    4 3.950(-0.050)
    4 3.490(-0.510)
    1 1.100(0.100)
    1 1.100(0.100)
    1 1.100(0.100)
    5 4.251(-0.749)
    5 4.656(-0.344)
    5 5.000(0.000)
    5 5.000(0.000)
    5 5.000(0.000)
    5 4.529(-0.471)
    5 5.000(0.000)
    5 4.656(-0.344)
    5 5.000(0.000)
    3 3.295(0.295)
    4 3.927(-0.073)
    5 4.715(-0.285)
    5 4.826(-0.174)
    5 4.629(-0.371)
    5 4.517(-0.483)
    5 4.803(-0.197)
    5 4.836(-0.164)
    5 4.985(-0.015)
    5 5.000(0.000)
    5 5.000(0.000)
    5 5.000(0.000)
    5 5.000(0.000)
    5 5.000(0.000)
    5 5.000(0.000)
    5 5.000(0.000)
    5 5.000(0.000)
    5 5.000(0.000)
    3 3.100(0.100)
    3 3.000(0.000)
    5 4.777(-0.223)
    5 4.850(-0.150)
    5 4.585(-0.415)
    5 4.975(-0.025)
    5 5.000(0.000)
    5 5.000(0.000)
    5 5.000(0.000)
    4 4.021(0.021)
    4 4.016(0.016)
    4 4.021(0.021)
    4 3.920(-0.080)
    4 4.100(0.100)
    5 4.658(-0.342)
    5 4.663(-0.337)
    4 3.886(-0.114)
    4 4.100(0.100)
    3 3.400(0.400)
    5 4.736(-0.264)
    5 4.638(-0.362)
    5 4.679(-0.321)
    5 4.940(-0.060)
    5 5.000(0.000)
    5 4.933(-0.067)
    5 4.952(-0.048)
    4 3.427(-0.573)
    5 4.700(-0.300)
    5 5.000(0.000)
    5 4.933(-0.067)
    5 5.000(0.000)
    5 5.000(0.000)
    5 5.000(0.000)
    5 4.875(-0.125)
    5 5.000(0.000)
    5 4.913(-0.087)
    2 1.989(-0.011)
    2 1.989(-0.011)
    2 2.100(0.100)
    2 2.100(0.100)
    3 3.007(0.007)
    3 3.050(0.050)
    2 2.233(0.233)
    2 2.100(0.100)
    2 1.767(-0.233)
    2 1.900(-0.100)
    2 2.100(0.100)
    2 2.233(0.233)
    2 1.900(-0.100)
    5 5.000(0.000)
    4 3.944(-0.056)
    5 4.572(-0.428)
    5 4.494(-0.506)
    4 4.025(0.025)
    4 4.082(0.082)
    5 4.695(-0.305)
    5 4.774(-0.226)
    5 4.725(-0.275)
    3 3.153(0.153)
    4 4.050(0.050)
    4 3.803(-0.197)
    4 3.908(-0.092)
    5 4.975(-0.025)
    5 5.000(0.000)
    5 5.000(0.000)
    5 5.000(0.000)
    1 1.100(0.100)
    1 1.100(0.100)
    4 3.950(-0.050)
    5 5.000(0.000)
    5 4.850(-0.150)
    5 5.000(0.000)
    5 5.000(0.000)
    5 5.000(0.000)
    5 4.618(-0.382)
    5 4.656(-0.344)
    5 4.798(-0.202)
    5 4.865(-0.135)
    3 3.150(0.150)
    3 3.067(0.067)
    5 4.736(-0.264)
    5 4.592(-0.408)
    5 4.335(-0.665)
    5 4.776(-0.224)
    5 4.850(-0.150)
    4 3.350(-0.650)
    5 4.498(-0.502)
    3 3.203(0.203)
    3 3.032(0.032)
    5 4.525(-0.475)
    1 1.100(0.100)
    1 1.100(0.100)
    1 1.100(0.100)
    1 1.100(0.100)
    1 1.100(0.100)
    1 1.100(0.100)
    1 1.100(0.100)
    1 1.100(0.100)
    1 1.100(0.100)
    1 1.100(0.100)
    1 1.100(0.100)
    1 1.100(0.100)
    5 5.000(0.000)
    5 4.725(-0.275)
    5 4.725(-0.275)
    5 4.800(-0.200)
    5 5.000(0.000)
    5 4.819(-0.181)
    4 3.996(-0.004)
    4 3.918(-0.082)
    5 4.211(-0.789)
    5 4.886(-0.114)
    5 4.779(-0.221)
    5 4.725(-0.275)
    5 4.631(-0.369)
    5 5.000(0.000)
    5 4.959(-0.041)
    5 4.392(-0.608)
    5 4.886(-0.114)
    5 5.000(0.000)
    5 5.000(0.000)
    5 5.000(0.000)
    5 4.927(-0.073)
    5 5.000(0.000)
    5 4.803(-0.197)
    5 4.910(-0.090)
    5 5.000(0.000)
    5 4.663(-0.337)
    5 5.000(0.000)
    5 5.000(0.000)
    5 5.000(0.000)
    5 4.900(-0.100)
    5 4.918(-0.082)
    5 4.900(-0.100)
    5 4.720(-0.280)
    1 1.079(0.079)
    1 1.122(0.122)
    1 1.150(0.150)
    1 1.100(0.100)
    5 4.683(-0.317)
    5 5.000(0.000)
    1 1.092(0.092)
    5 4.761(-0.239)
    5 5.000(0.000)
    5 5.000(0.000)
    5 5.000(0.000)
    5 4.975(-0.025)
    4 3.933(-0.067)
    4 3.683(-0.317)
    1 1.371(0.371)
    1 1.208(0.208)
    5 5.000(0.000)
    5 5.000(0.000)
    5 4.529(-0.471)
    1 1.510(0.510)
    5 4.744(-0.256)
    1 1.233(0.233)
    3 2.850(-0.150)
    3 2.800(-0.200)
    2 2.662(0.662)
    5 4.959(-0.041)
    3 2.918(-0.082)
    3 3.114(0.114)
    4 3.936(-0.064)
    5 4.950(-0.050)
    5 5.000(0.000)
    5 4.913(-0.087)
    5 5.000(0.000)
    5 4.913(-0.087)
    5 5.000(0.000)
    5 4.529(-0.471)
    5 5.000(0.000)
    5 5.000(0.000)
    5 5.000(0.000)
    5 5.000(0.000)
    4 3.834(-0.166)
    4 3.954(-0.046)
    4 4.044(0.044)
    4 3.799(-0.201)
    4 4.175(0.175)
    4 3.975(-0.025)
    5 4.964(-0.036)
    5 4.950(-0.050)
    5 4.975(-0.025)
    5 4.950(-0.050)
    5 4.654(-0.346)
    5 5.000(0.000)
    5 4.993(-0.007)
    5 4.913(-0.087)
    5 5.000(0.000)
    5 5.000(0.000)
    5 4.993(-0.007)
    5 4.689(-0.311)
    5 4.982(-0.018)
    5 4.933(-0.067)
    5 5.000(0.000)
    5 5.000(0.000)
    5 5.000(0.000)
    5 4.975(-0.025)
    5 4.975(-0.025)
    5 5.000(0.000)
    5 5.000(0.000)
    4 3.917(-0.083)
    5 4.886(-0.114)
    5 4.633(-0.367)
    5 4.619(-0.381)
    5 4.964(-0.036)
    1 1.100(0.100)
    1 1.100(0.100)
    1 1.100(0.100)
    1 1.100(0.100)
    1 1.100(0.100)
    5 4.653(-0.347)
    5 4.967(-0.033)
    5 4.850(-0.150)
    5 4.975(-0.025)
    5 4.736(-0.264)
    5 4.962(-0.038)
    5 4.962(-0.038)
    4 3.702(-0.298)
    5 4.886(-0.114)
    5 5.000(0.000)
    5 5.000(0.000)
    5 4.950(-0.050)
    5 5.000(0.000)
    5 5.000(0.000)
    5 5.000(0.000)
    5 4.975(-0.025)
    5 5.000(0.000)
    5 5.000(0.000)
    5 5.000(0.000)
    5 4.950(-0.050)
    5 5.000(0.000)
    5 5.000(0.000)
    5 4.933(-0.067)
    5 4.933(-0.067)
    5 4.600(-0.400)
    5 4.913(-0.087)
    5 5.000(0.000)
    5 4.743(-0.257)
    5 4.933(-0.067)
    5 4.704(-0.296)
    5 5.000(0.000)
    5 5.000(0.000)
    5 5.000(0.000)
    5 4.886(-0.114)
    5 5.000(0.000)
    5 5.000(0.000)
    5 5.000(0.000)
    5 5.000(0.000)
    5 4.572(-0.428)
    5 5.000(0.000)
    5 5.000(0.000)
    5 5.000(0.000)
    5 5.000(0.000)
    5 5.000(0.000)
    5 4.236(-0.764)
    4 3.922(-0.078)
    5 4.927(-0.073)
    5 4.759(-0.241)
    5 4.700(-0.300)
    5 5.000(0.000)
    5 5.000(0.000)
    5 5.000(0.000)
    5 4.320(-0.680)
    4 3.913(-0.087)
    5 5.000(0.000)
    5 5.000(0.000)
    5 5.000(0.000)
    5 5.000(0.000)
    5 5.000(0.000)
    5 5.000(0.000)
    3 3.323(0.323)
    5 5.000(0.000)
    5 5.000(0.000)
    5 4.819(-0.181)
    5 5.000(0.000)
    5 5.000(0.000)
    5 4.725(-0.275)
    5 4.850(-0.150)
    5 4.808(-0.192)
    4 4.047(0.047)
    4 3.850(-0.150)
    4 4.082(0.082)
    4 3.936(-0.064)
    4 4.073(0.073)
    4 3.963(-0.037)
    4 3.936(-0.064)
    5 4.792(-0.208)
    4 3.771(-0.229)
    2 2.192(0.192)
    1 1.567(0.567)
    4 4.064(0.064)
    5 4.924(-0.076)
    5 4.725(-0.275)
    5 5.000(0.000)
    5 4.725(-0.275)
    5 4.913(-0.087)
    5 4.538(-0.462)
    4 3.928(-0.072)
    4 3.950(-0.050)
    5 4.569(-0.431)
    4 4.053(0.053)
    3 3.356(0.356)
    4 3.730(-0.270)
    4 3.913(-0.087)
    4 4.063(0.063)
    4 3.948(-0.052)
    4 4.125(0.125)
    4 4.044(0.044)
    4 4.173(0.173)
    5 4.683(-0.317)
    5 4.508(-0.492)
    4 4.041(0.041)
    4 4.100(0.100)
    5 5.000(0.000)
    5 4.668(-0.332)
    5 5.000(0.000)
    5 5.000(0.000)
    5 5.000(0.000)
    5 5.000(0.000)
    5 5.000(0.000)
    5 5.000(0.000)
    5 5.000(0.000)
    1 1.100(0.100)
    1 1.100(0.100)
    1 1.100(0.100)
    1 1.100(0.100)
    5 4.415(-0.585)
    5 4.874(-0.126)
    5 4.800(-0.200)
    5 4.744(-0.256)
    5 4.576(-0.424)
    5 4.710(-0.290)
    5 4.681(-0.319)
    5 4.889(-0.111)
    5 4.843(-0.157)
    5 4.692(-0.308)
    5 5.000(0.000)
    5 4.493(-0.507)
    5 5.000(0.000)
    5 4.895(-0.105)
    5 4.886(-0.114)
    5 4.812(-0.188)
    5 5.000(0.000)
    5 5.000(0.000)
    5 4.913(-0.087)
    5 4.350(-0.650)
    5 4.679(-0.321)
    5 4.913(-0.087)
    5 4.850(-0.150)
    5 5.000(0.000)
    5 5.000(0.000)
    5 5.000(0.000)
    5 4.975(-0.025)
    5 5.000(0.000)
    5 4.993(-0.007)
    5 4.993(-0.007)
    5 4.208(-0.792)
    3 3.067(0.067)
    5 4.225(-0.775)
    5 4.522(-0.478)
    1 1.100(0.100)
    1 1.100(0.100)
    5 5.000(0.000)
    5 5.000(0.000)
    5 4.485(-0.515)
    5 5.000(0.000)
    5 4.616(-0.384)
    5 4.259(-0.741)
    1 1.478(0.478)
    5 4.656(-0.344)
    5 4.625(-0.375)
    5 4.475(-0.525)
    5 4.913(-0.087)
    4 3.936(-0.064)
    4 4.100(0.100)
    4 4.100(0.100)
    4 4.186(0.186)
    4 3.933(-0.067)
    4 4.071(0.071)
    4 4.100(0.100)
    4 3.963(-0.037)
    4 3.850(-0.150)
    4 4.285(0.285)
    5 4.668(-0.332)
    5 4.950(-0.050)
    5 5.000(0.000)
    5 4.886(-0.114)
    5 4.767(-0.233)
    5 4.485(-0.515)
    5 5.000(0.000)
    5 4.792(-0.208)
    5 5.000(0.000)
    5 4.792(-0.208)
    5 5.000(0.000)
    5 5.000(0.000)
    5 4.792(-0.208)
    5 4.700(-0.300)
    3 3.317(0.317)
    5 4.496(-0.504)
    5 5.000(0.000)
    5 4.709(-0.291)
    5 4.850(-0.150)
    5 4.761(-0.239)
    5 5.000(0.000)
    5 5.000(0.000)
    5 4.993(-0.007)
    5 5.000(0.000)
    5 4.707(-0.293)
    5 5.000(0.000)
    5 5.000(0.000)
    5 4.993(-0.007)
    5 5.000(0.000)
    5 4.886(-0.114)
    5 4.656(-0.344)
    5 4.933(-0.067)
    3 3.306(0.306)
    3 3.100(0.100)
    3 2.971(-0.029)
    3 3.017(0.017)
    3 3.186(0.186)
    4 3.736(-0.264)
    4 3.850(-0.150)
    4 4.044(0.044)
    4 3.964(-0.036)
    4 4.023(0.023)
    4 3.714(-0.286)
    5 5.000(0.000)
    5 4.736(-0.264)
    5 4.736(-0.264)
    5 4.736(-0.264)
    5 4.850(-0.150)
    5 4.645(-0.355)
    5 5.000(0.000)
    5 5.000(0.000)
    5 4.814(-0.186)
    5 5.000(0.000)
    5 4.850(-0.150)
    5 4.656(-0.344)
    5 5.000(0.000)
    5 4.865(-0.135)
    5 4.878(-0.122)
    5 5.000(0.000)
    5 4.850(-0.150)
    5 4.656(-0.344)
    3 2.916(-0.084)
    3 3.048(0.048)
    3 2.924(-0.076)
    3 3.092(0.092)
    3 2.956(-0.044)
    3 3.091(0.091)
    3 3.062(0.062)
    2 2.058(0.058)
    2 1.965(-0.035)
    2 1.678(-0.322)
    2 1.761(-0.239)
    2 1.915(-0.085)
    5 5.000(0.000)
    5 4.572(-0.428)
    5 4.975(-0.025)
    5 5.000(0.000)
    5 4.792(-0.208)
    5 5.000(0.000)
    5 4.679(-0.321)
    5 4.889(-0.111)
    5 4.878(-0.122)
    5 4.463(-0.537)
    5 4.811(-0.189)
    5 4.663(-0.337)
    5 5.000(0.000)
    5 4.561(-0.439)
    5 4.913(-0.087)
    5 4.642(-0.358)
    1 1.100(0.100)
    1 1.100(0.100)
    1 1.100(0.100)
    1 1.150(0.150)
    5 5.000(0.000)
    5 4.886(-0.114)
    1 1.550(0.550)
    1 1.100(0.100)
    3 3.150(0.150)
    3 2.950(-0.050)
    3 3.017(0.017)
    3 2.750(-0.250)
    1 1.658(0.658)
    1 1.870(0.870)
    1 1.100(0.100)
    1 1.100(0.100)
    5 5.000(0.000)
    5 5.000(0.000)
    5 5.000(0.000)
    5 4.700(-0.300)
    5 5.000(0.000)
    2 2.919(0.919)
    5 5.000(0.000)
    4 4.100(0.100)
    5 4.517(-0.483)
    5 4.616(-0.384)
    5 4.459(-0.541)
    1 1.100(0.100)
    1 1.100(0.100)
    1 1.100(0.100)
    1 1.100(0.100)
    1 1.100(0.100)
    1 1.056(0.056)
    1 1.100(0.100)
    5 4.635(-0.365)
    5 4.792(-0.208)
    4 4.070(0.070)
    5 4.392(-0.608)
    5 4.692(-0.308)
    5 4.743(-0.257)
    5 4.845(-0.155)
    5 4.366(-0.634)
    5 4.878(-0.122)
    5 4.860(-0.140)
    5 4.620(-0.380)
    5 4.767(-0.233)
    1 1.100(0.100)
    1 1.100(0.100)
    5 4.322(-0.678)
    4 3.749(-0.251)
    5 4.421(-0.579)
    4 4.010(0.010)
    5 4.850(-0.150)
    5 4.690(-0.310)
    5 4.656(-0.344)
    5 5.000(0.000)
    5 4.950(-0.050)
    5 4.850(-0.150)
    5 4.725(-0.275)
    5 4.950(-0.050)
    5 4.950(-0.050)
    5 5.000(0.000)
    5 5.000(0.000)
    3 3.150(0.150)
    3 3.317(0.317)
    3 3.285(0.285)
    3 3.150(0.150)
    3 3.217(0.217)
    3 3.067(0.067)
    5 4.779(-0.221)
    5 4.671(-0.329)
    5 5.000(0.000)
    5 5.000(0.000)
    5 5.000(0.000)
    5 5.000(0.000)
    5 4.871(-0.129)
    5 5.000(0.000)
    5 5.000(0.000)
    5 5.000(0.000)
    5 5.000(0.000)
    5 4.792(-0.208)
    5 5.000(0.000)
    5 4.700(-0.300)
    5 5.000(0.000)
    5 5.000(0.000)
    5 4.792(-0.208)
    5 5.000(0.000)
    5 5.000(0.000)
    5 5.000(0.000)
    5 5.000(0.000)
    5 4.600(-0.400)
    5 5.000(0.000)
    5 5.000(0.000)
    5 4.600(-0.400)
    5 4.913(-0.087)
    5 4.538(-0.462)
    5 4.850(-0.150)
    5 4.529(-0.471)
    5 4.373(-0.627)
    4 4.108(0.108)
    5 4.975(-0.025)
    5 5.000(0.000)
    5 4.950(-0.050)
    5 5.000(0.000)
    5 5.000(0.000)
    5 5.000(0.000)
    5 4.779(-0.221)
    4 4.150(0.150)
    4 3.850(-0.150)
    4 4.150(0.150)
    4 4.150(0.150)
    5 5.000(0.000)
    5 4.572(-0.428)
    5 4.656(-0.344)
    5 5.000(0.000)

Average Error: 0.162
Correlation: 0.984
Inversion Count: 313
