    4 4.221(0.221)
    1 1.710(0.710)
    1 1.688(0.688)
    1 1.842(0.842)
    5 5.000(0.000)
    5 5.000(0.000)
    4 3.832(-0.168)
    2 2.366(0.366)
    5 5.000(0.000)
    5 4.479(-0.521)
    5 4.022(-0.978)
    5 4.747(-0.253)
    5 4.828(-0.172)
    5 4.947(-0.053)
    5 4.759(-0.241)
    5 4.443(-0.557)
    5 4.803(-0.197)
    5 4.654(-0.346)
    5 4.680(-0.320)
    5 4.912(-0.088)
    5 4.683(-0.317)
    1 1.011(0.011)
    5 4.526(-0.474)
    5 4.938(-0.062)
    5 5.000(0.000)
    5 4.675(-0.325)
    5 4.950(-0.050)
    4 4.001(0.001)
    5 4.172(-0.828)
    5 4.944(-0.056)
    5 4.871(-0.129)
    5 4.645(-0.355)
    5 5.000(0.000)
    5 4.716(-0.284)
    5 4.694(-0.306)
    5 4.763(-0.237)
    4 3.855(-0.145)
    5 3.914(-1.086)
    5 4.483(-0.517)
    4 3.998(-0.002)
    1 1.329(0.329)
    2 2.578(0.578)
    5 4.666(-0.334)
    4 4.052(0.052)
    2 2.430(0.430)
    3 3.247(0.247)
    4 3.997(-0.003)
    3 2.924(-0.076)
    2 1.958(-0.042)
    5 5.000(0.000)
    5 5.000(0.000)
    5 5.000(0.000)
    5 5.000(0.000)
    5 4.966(-0.034)
    5 4.436(-0.564)
    5 5.000(0.000)
    1 1.325(0.325)
    4 3.845(-0.155)
    5 4.737(-0.263)
    5 4.810(-0.190)
    5 4.339(-0.661)
    4 3.859(-0.141)
    5 5.000(0.000)
    5 4.974(-0.026)
    5 5.000(0.000)
    5 5.000(0.000)
    4 3.876(-0.124)
    4 4.108(0.108)
    4 4.016(0.016)
    4 4.022(0.022)
    5 4.766(-0.234)
    5 4.196(-0.804)
    5 5.000(0.000)
    1 1.228(0.228)
    4 3.928(-0.072)
    4 4.023(0.023)
    2 2.685(0.685)
    1 1.238(0.238)
    1 0.984(-0.016)
    4 4.069(0.069)
    5 4.648(-0.352)
    5 4.851(-0.149)
    5 4.292(-0.708)
    3 3.325(0.325)
    3 3.172(0.172)
    3 3.067(0.067)
    4 3.966(-0.034)
    4 3.930(-0.070)
    4 4.020(0.020)
    4 4.054(0.054)
    5 5.000(0.000)
    5 4.632(-0.368)
    3 3.198(0.198)
    5 4.675(-0.325)
    4 3.970(-0.030)
    4 3.938(-0.062)
    4 3.972(-0.028)
    3 3.337(0.337)
    1 0.994(-0.006)
    4 3.995(-0.005)
    5 4.583(-0.417)
    1 1.624(0.624)
    3 2.920(-0.080)
    3 3.062(0.062)
    5 4.106(-0.894)
    4 4.085(0.085)
    4 3.994(-0.006)
    4 3.929(-0.071)
    4 3.989(-0.011)
    4 4.001(0.001)
    4 4.125(0.125)
    5 4.275(-0.725)
    3 3.054(0.054)
    4 3.999(-0.001)
    1 1.225(0.225)
    2 2.097(0.097)
    3 3.057(0.057)
    5 5.000(0.000)
    4 4.133(0.133)
    5 3.775(-1.225)
    5 4.468(-0.532)
    4 4.078(0.078)
    3 3.297(0.297)
    3 3.201(0.201)
    5 4.491(-0.509)
    5 5.000(0.000)
    5 5.000(0.000)
    5 5.000(0.000)
    5 5.000(0.000)
    1 1.001(0.001)
    5 4.824(-0.176)
    5 5.000(0.000)
    5 5.000(0.000)
    5 5.000(0.000)
    5 5.000(0.000)
    5 5.000(0.000)
    5 5.000(0.000)
    4 4.007(0.007)
    4 4.004(0.004)
    5 4.850(-0.150)
    5 5.000(0.000)
    1 1.670(0.670)
    1 1.420(0.420)
    5 4.972(-0.028)
    5 4.137(-0.863)
    5 5.000(0.000)
    5 5.000(0.000)
    4 4.022(0.022)
    3 3.209(0.209)
    5 4.947(-0.053)
    5 5.000(0.000)
    2 2.425(0.425)
    5 5.000(0.000)
    2 2.079(0.079)
    3 3.054(0.054)
    2 2.975(0.975)
    4 3.753(-0.247)
    3 3.080(0.080)
    5 4.223(-0.777)
    4 3.873(-0.127)
    4 4.009(0.009)
    2 2.818(0.818)
    1 1.351(0.351)
    5 4.932(-0.068)
    5 5.000(0.000)
    1 1.255(0.255)
    1 1.439(0.439)
    3 3.030(0.030)
    3 3.002(0.002)
    4 3.981(-0.019)
    5 5.000(0.000)
    1 1.006(0.006)
    3 3.265(0.265)
    3 3.076(0.076)
    3 2.926(-0.074)
    5 5.000(0.000)
    5 4.848(-0.152)
    5 5.000(0.000)
    4 3.972(-0.028)
    3 3.093(0.093)
    5 5.000(0.000)
    5 5.000(0.000)
    3 3.342(0.342)
    4 3.823(-0.177)
    2 2.705(0.705)
    5 5.000(0.000)
    5 5.000(0.000)
    3 2.973(-0.027)
    2 2.251(0.251)
    4 4.066(0.066)
    5 5.000(0.000)
    5 5.000(0.000)
    4 3.774(-0.226)
    1 1.489(0.489)
    1 1.466(0.466)
    4 4.004(0.004)
    5 4.328(-0.672)
    3 2.963(-0.037)
    4 3.918(-0.082)
    5 4.958(-0.042)
    5 4.413(-0.587)
    5 4.380(-0.620)
    4 3.648(-0.352)
    3 3.298(0.298)
    3 2.974(-0.026)
    4 4.046(0.046)
    4 3.956(-0.044)
    4 3.876(-0.124)
    1 1.002(0.002)
    5 5.000(0.000)
    5 4.347(-0.653)
    5 5.000(0.000)
    4 3.681(-0.319)
    5 4.615(-0.385)
    4 4.106(0.106)
    5 4.136(-0.864)
    5 4.331(-0.669)
    5 5.000(0.000)
    5 5.000(0.000)
    1 1.353(0.353)
    2 2.630(0.630)
    4 4.032(0.032)
    5 4.246(-0.754)
    5 4.713(-0.287)
    2 2.251(0.251)
    5 4.936(-0.064)
    1 1.006(0.006)
    4 3.960(-0.040)
    1 1.002(0.002)
    1 0.999(-0.001)
    4 3.762(-0.238)
    2 2.001(0.001)
    4 3.986(-0.014)
    2 2.287(0.287)
    5 5.000(0.000)
    2 2.470(0.470)
    4 3.931(-0.069)
    4 3.949(-0.051)
    4 3.937(-0.063)
    5 4.542(-0.458)
    5 4.801(-0.199)
    5 4.578(-0.422)
    5 4.839(-0.161)
    3 3.306(0.306)
    4 3.960(-0.040)
    3 3.025(0.025)
    4 4.016(0.016)
    3 3.334(0.334)
    5 5.000(0.000)
    5 4.711(-0.289)
    4 4.053(0.053)
    4 3.770(-0.230)
    4 4.122(0.122)
    4 3.987(-0.013)
    1 1.256(0.256)
    4 3.761(-0.239)
    5 5.000(0.000)
    1 1.037(0.037)
    5 5.000(0.000)
    1 1.114(0.114)
    1 1.856(0.856)
    1 1.279(0.279)
    5 5.000(0.000)
    5 4.847(-0.153)
    3 3.050(0.050)
    5 4.482(-0.518)
    5 5.000(0.000)
    5 4.571(-0.429)
    5 4.445(-0.555)
    5 4.516(-0.484)
    5 4.555(-0.445)
    5 4.464(-0.536)
    5 5.000(0.000)
    4 3.987(-0.013)
    5 4.783(-0.217)
    5 4.870(-0.130)
    5 4.785(-0.215)
    3 3.190(0.190)
    5 4.958(-0.042)
    5 4.759(-0.241)
    5 4.974(-0.026)
    5 5.000(0.000)
    4 3.918(-0.082)
    4 4.038(0.038)
    4 3.969(-0.031)
    5 4.683(-0.317)
    5 4.731(-0.269)
    5 4.511(-0.489)
    5 5.000(0.000)
    5 5.000(0.000)
    4 3.311(-0.689)
    4 4.032(0.032)
    4 4.011(0.011)
    5 4.889(-0.111)
    5 4.637(-0.363)
    3 2.948(-0.052)
    2 2.054(0.054)
    4 3.909(-0.091)
    5 5.000(0.000)
    5 5.000(0.000)
    5 5.000(0.000)
    5 4.987(-0.013)
    5 5.000(0.000)
    5 5.000(0.000)
    4 3.908(-0.092)
    5 4.738(-0.262)
    2 2.065(0.065)
    5 4.636(-0.364)
    5 4.407(-0.593)
    3 3.346(0.346)
    2 2.033(0.033)
    4 3.954(-0.046)
    4 3.810(-0.190)
    2 2.364(0.364)
    2 2.017(0.017)
    1 1.211(0.211)
    1 1.572(0.572)
    5 4.867(-0.133)
    2 2.024(0.024)
    1 1.510(0.510)
    4 3.942(-0.058)
    5 4.933(-0.067)
    4 3.794(-0.206)
    5 4.832(-0.168)
    5 4.595(-0.405)
    1 0.996(-0.004)
    1 1.012(0.012)
    1 1.001(0.001)
    1 1.004(0.004)
    3 2.861(-0.139)
    4 3.887(-0.113)
    4 3.938(-0.062)
    4 4.064(0.064)
    4 4.067(0.067)
    4 3.950(-0.050)
    5 4.862(-0.138)
    5 4.704(-0.296)
    4 3.989(-0.011)
    3 2.941(-0.059)
    1 1.445(0.445)
    1 1.127(0.127)
    1 1.138(0.138)
    1 1.015(0.015)
    1 1.194(0.194)
    1 0.990(-0.010)
    1 1.185(0.185)
    5 4.373(-0.627)
    4 3.932(-0.068)
    4 4.018(0.018)
    3 3.008(0.008)
    5 3.953(-1.047)
    5 4.909(-0.091)
    5 4.937(-0.063)
    5 4.708(-0.292)
    5 4.846(-0.154)
    4 4.006(0.006)
    4 3.887(-0.113)
    5 5.000(0.000)
    2 1.935(-0.065)
    5 4.962(-0.038)
    5 5.000(0.000)
    1 0.998(-0.002)
    5 4.723(-0.277)
    5 4.664(-0.336)
    4 3.960(-0.040)
    4 4.041(0.041)
    5 5.000(0.000)
    5 5.000(0.000)
    5 5.000(0.000)
    5 5.000(0.000)
    5 5.000(0.000)
    5 5.000(0.000)
    4 4.031(0.031)
    5 5.000(0.000)
    1 1.377(0.377)
    4 3.959(-0.041)
    3 3.160(0.160)
    4 3.920(-0.080)
    5 5.000(0.000)
    5 5.000(0.000)
    4 3.769(-0.231)
    3 3.013(0.013)
    1 1.248(0.248)
    5 5.000(0.000)
    5 4.928(-0.072)
    5 4.574(-0.426)
    4 3.886(-0.114)
    4 3.940(-0.060)
    5 5.000(0.000)
    5 5.000(0.000)
    5 5.000(0.000)
    5 5.000(0.000)
    4 4.013(0.013)
    1 0.989(-0.011)
    3 2.999(-0.001)
    5 5.000(0.000)
    1 1.261(0.261)
    1 1.263(0.263)
    4 3.907(-0.093)
    4 3.925(-0.075)
    4 3.931(-0.069)
    4 4.028(0.028)
    5 5.000(0.000)
    5 5.000(0.000)
    5 4.961(-0.039)
    1 0.990(-0.010)
    5 5.000(0.000)
    5 5.000(0.000)
    5 5.000(0.000)
    4 4.012(0.012)
    4 4.009(0.009)
    4 3.687(-0.313)
    3 3.005(0.005)
    3 2.966(-0.034)
    3 3.194(0.194)
    2 2.100(0.100)
    5 4.593(-0.407)
    4 4.042(0.042)
    5 4.811(-0.189)
    5 5.000(0.000)
    5 4.692(-0.308)
    5 4.986(-0.014)
    1 1.053(0.053)
    5 5.000(0.000)
    5 5.000(0.000)
    5 5.000(0.000)
    1 1.007(0.007)
    5 5.000(0.000)
    5 5.000(0.000)
    4 3.720(-0.280)
    4 4.037(0.037)
    3 2.939(-0.061)
    3 3.060(0.060)
    5 5.000(0.000)
    2 2.066(0.066)
    1 1.166(0.166)
    1 1.730(0.730)
    3 3.001(0.001)
    3 2.978(-0.022)
    2 2.136(0.136)
    1 1.012(0.012)
    1 1.356(0.356)
    4 3.663(-0.337)
    5 4.708(-0.292)
    5 4.859(-0.141)
    4 4.057(0.057)
    4 4.065(0.065)
    5 5.000(0.000)
    5 4.957(-0.043)
    5 4.880(-0.120)
    1 1.000(0.000)
    5 5.000(0.000)
    5 4.737(-0.263)
    5 4.821(-0.179)
    5 5.000(0.000)
    5 4.949(-0.051)
    5 5.000(0.000)
    5 4.473(-0.527)
    5 4.931(-0.069)
    5 5.000(0.000)
    5 5.000(0.000)
    4 3.932(-0.068)
    1 0.989(-0.011)
    4 3.826(-0.174)
    3 3.019(0.019)
    5 4.876(-0.124)
    5 4.226(-0.774)
    5 4.591(-0.409)
    2 1.974(-0.026)
    5 4.770(-0.230)
    5 5.000(0.000)
    1 1.368(0.368)
    1 2.215(1.215)
    5 4.630(-0.370)
    5 5.000(0.000)
    4 4.025(0.025)
    3 2.996(-0.004)
    4 4.001(0.001)
    3 3.328(0.328)
    5 5.000(0.000)
    3 3.306(0.306)
    4 4.028(0.028)
    2 2.541(0.541)
    1 1.408(0.408)
    1 1.005(0.005)
    1 1.004(0.004)
    1 1.000(0.000)
    5 4.185(-0.815)
    5 5.000(0.000)
    3 2.944(-0.056)
    4 3.820(-0.180)
    5 4.705(-0.295)
    5 5.000(0.000)
    5 4.867(-0.133)
    5 5.000(0.000)
    5 5.000(0.000)
    5 5.000(0.000)
    2 2.315(0.315)
    4 4.097(0.097)
    3 3.066(0.066)
    3 3.027(0.027)
    5 4.541(-0.459)
    1 1.048(0.048)
    4 3.983(-0.017)
    1 2.689(1.689)
    5 4.796(-0.204)
    4 3.931(-0.069)
    4 3.760(-0.240)
    4 3.717(-0.283)
    3 3.277(0.277)
    2 2.408(0.408)
    5 4.783(-0.217)
    1 1.069(0.069)
    3 3.048(0.048)
    5 5.000(0.000)
    4 4.079(0.079)
    2 2.168(0.168)
    1 1.449(0.449)
    4 3.995(-0.005)
    3 3.034(0.034)
    2 2.179(0.179)
    5 4.880(-0.120)
    5 4.921(-0.079)
    5 4.861(-0.139)
    5 5.000(0.000)
    5 5.000(0.000)
    5 5.000(0.000)
    1 1.173(0.173)
    1 1.281(0.281)
    3 3.019(0.019)
    4 3.930(-0.070)
    4 3.913(-0.087)
    1 0.964(-0.036)
    1 0.992(-0.008)
    5 4.462(-0.538)
    4 4.058(0.058)
    2 2.036(0.036)
    4 3.924(-0.076)
    1 1.953(0.953)
    3 2.936(-0.064)
    3 2.904(-0.096)
    5 4.872(-0.128)
    2 2.411(0.411)
    5 5.000(0.000)
    5 5.000(0.000)
    5 4.576(-0.424)
    1 1.406(0.406)
    4 4.008(0.008)
    4 4.855(0.855)
    1 0.995(-0.005)
    1 0.990(-0.010)
    1 0.991(-0.009)
    1 0.976(-0.024)
    1 0.996(-0.004)
    1 1.141(0.141)
    4 3.742(-0.258)
    4 3.975(-0.025)
    5 5.000(0.000)
    2 2.253(0.253)
    1 1.004(0.004)
    1 0.978(-0.022)
    5 5.000(0.000)
    3 3.068(0.068)
    4 3.966(-0.034)
    5 5.000(0.000)
    5 4.629(-0.371)
    3 3.046(0.046)
    3 3.041(0.041)
    5 4.967(-0.033)
    5 4.952(-0.048)
    5 4.898(-0.102)
    3 2.999(-0.001)
    5 4.492(-0.508)
    2 2.005(0.005)
    1 1.107(0.107)
    5 5.000(0.000)
    4 4.008(0.008)
    4 4.060(0.060)
    2 2.038(0.038)
    5 5.000(0.000)
    5 5.000(0.000)
    5 4.733(-0.267)
    4 3.866(-0.134)
    4 3.911(-0.089)
    1 1.185(0.185)
    5 5.000(0.000)
    1 1.002(0.002)
    5 5.000(0.000)
    2 2.061(0.061)
    5 4.809(-0.191)
    3 3.157(0.157)
    5 5.000(0.000)
    5 5.000(0.000)
    5 4.454(-0.546)
    2 2.046(0.046)
    4 3.920(-0.080)
    5 5.000(0.000)
    1 1.340(0.340)
    1 1.795(0.795)
    5 5.000(0.000)
    5 4.797(-0.203)
    5 4.524(-0.476)
    4 3.986(-0.014)
    3 3.018(0.018)
    5 4.564(-0.436)
    4 3.992(-0.008)
    1 0.993(-0.007)
    2 2.079(0.079)
    3 2.994(-0.006)
    4 4.001(0.001)
    2 2.032(0.032)
    5 5.000(0.000)
    5 5.000(0.000)
    5 4.959(-0.041)
    5 4.946(-0.054)
    5 4.598(-0.402)
    4 4.020(0.020)
    4 4.006(0.006)
    5 4.260(-0.740)
    4 3.949(-0.051)
    4 4.086(0.086)
    4 4.000(0.000)
    5 5.000(0.000)
    5 5.000(0.000)
    1 1.571(0.571)
    5 4.951(-0.049)
    4 4.021(0.021)
    5 4.891(-0.109)
    5 5.000(0.000)
    5 5.000(0.000)
    1 1.004(0.004)
    1 0.994(-0.006)
    3 3.020(0.020)
    2 2.015(0.015)
    1 1.005(0.005)
    1 0.989(-0.011)
    4 3.991(-0.009)
    5 5.000(0.000)
    5 5.000(0.000)
    3 3.034(0.034)
    5 5.000(0.000)
    5 5.000(0.000)
    5 5.000(0.000)
    5 4.696(-0.304)
    3 2.975(-0.025)
    1 1.186(0.186)
    1 1.252(0.252)
    5 4.884(-0.116)
    5 4.771(-0.229)
    4 3.984(-0.016)
    4 4.035(0.035)
    4 4.029(0.029)
    4 3.978(-0.022)
    4 4.063(0.063)
    5 4.825(-0.175)
    5 5.000(0.000)
    5 4.759(-0.241)
    5 4.926(-0.074)
    4 3.974(-0.026)
    3 3.119(0.119)
    5 5.000(0.000)
    4 3.845(-0.155)
    4 3.946(-0.054)
    2 1.954(-0.046)
    5 5.000(0.000)
    5 4.782(-0.218)
    4 3.189(-0.811)
    1 1.542(0.542)
    5 4.860(-0.140)
    4 3.929(-0.071)
    5 5.000(0.000)
    5 5.000(0.000)
    5 4.866(-0.134)
    1 1.658(0.658)
    2 2.700(0.700)
    5 4.848(-0.152)
    5 4.672(-0.328)
    4 3.770(-0.230)
    4 4.050(0.050)
    4 4.040(0.040)
    4 3.948(-0.052)
    1 1.172(0.172)
    3 2.971(-0.029)
    5 4.690(-0.310)
    5 5.000(0.000)
    1 1.350(0.350)
    4 3.878(-0.122)
    4 4.046(0.046)
    3 3.159(0.159)
    4 3.791(-0.209)
    3 3.007(0.007)
    4 4.110(0.110)
    5 3.914(-1.086)
    4 3.775(-0.225)
    5 4.875(-0.125)
    3 3.006(0.006)
    4 3.925(-0.075)
    5 4.207(-0.793)
    5 4.284(-0.716)
    4 4.070(0.070)
    1 1.003(0.003)
    4 4.051(0.051)
    5 4.888(-0.112)
    5 4.688(-0.312)
    3 3.043(0.043)
    1 1.369(0.369)
    4 3.683(-0.317)
    1 0.997(-0.003)
    1 1.331(0.331)
    2 2.005(0.005)
    1 0.983(-0.017)
    5 4.340(-0.660)
    4 3.703(-0.297)
    5 5.000(0.000)
    1 0.990(-0.010)
    2 2.121(0.121)
    2 1.961(-0.039)
    5 5.000(0.000)
    4 3.809(-0.191)
    2 2.229(0.229)
    3 3.081(0.081)
    5 4.870(-0.130)
    3 3.059(0.059)
    1 1.462(0.462)
    3 2.780(-0.220)
    5 4.418(-0.582)
    5 4.628(-0.372)
    4 4.037(0.037)
    4 3.621(-0.379)
    4 4.069(0.069)
    1 1.544(0.544)
    3 2.982(-0.018)
    4 3.931(-0.069)
    3 3.200(0.200)
    4 4.001(0.001)
    3 3.029(0.029)
    5 5.000(0.000)
    3 3.035(0.035)
    5 4.717(-0.283)
    5 4.434(-0.566)
    5 5.000(0.000)
    5 4.458(-0.542)
    5 4.989(-0.011)
    2 2.615(0.615)
    5 5.000(0.000)
    3 3.170(0.170)
    5 4.606(-0.394)
    4 3.952(-0.048)
    5 4.473(-0.527)
    5 4.521(-0.479)
    3 3.100(0.100)
    2 2.027(0.027)
    5 5.000(0.000)
    3 3.118(0.118)
    3 2.816(-0.184)
    2 2.098(0.098)
    2 2.488(0.488)
    2 2.553(0.553)
    2 2.241(0.241)
    5 5.000(0.000)
    2 2.100(0.100)
    5 4.589(-0.411)
    3 3.173(0.173)
    5 4.564(-0.436)
    5 5.000(0.000)
    5 5.000(0.000)
    2 2.126(0.126)
    5 4.808(-0.192)
    4 3.922(-0.078)
    1 1.009(0.009)
    2 1.947(-0.053)
    4 3.828(-0.172)
    5 5.000(0.000)
    5 5.000(0.000)
    5 5.000(0.000)
    5 5.000(0.000)
    5 5.000(0.000)
    2 2.413(0.413)
    5 4.929(-0.071)
    5 5.000(0.000)
    4 3.647(-0.353)
    4 3.776(-0.224)
    5 4.949(-0.051)
    3 3.430(0.430)
    3 3.182(0.182)
    2 1.993(-0.007)
    2 2.031(0.031)
    5 4.854(-0.146)
    4 4.084(0.084)
    5 5.000(0.000)
    5 5.000(0.000)
    5 5.000(0.000)
    5 5.000(0.000)
    2 2.106(0.106)
    2 2.402(0.402)
    5 4.607(-0.393)
    5 5.000(0.000)
    5 4.612(-0.388)
    5 4.912(-0.088)
    5 5.000(0.000)
    4 3.973(-0.027)
    4 3.945(-0.055)
    4 3.868(-0.132)
    3 3.257(0.257)
    5 4.271(-0.729)
    5 4.878(-0.122)
    5 4.800(-0.200)
    5 4.970(-0.030)
    5 5.000(0.000)
    4 3.943(-0.057)
    5 5.000(0.000)
    5 5.000(0.000)
    1 1.659(0.659)
    5 4.322(-0.678)
    1 1.213(0.213)
    4 3.883(-0.117)
    1 1.828(0.828)
    1 1.436(0.436)
    5 4.840(-0.160)
    5 5.000(0.000)
    4 4.062(0.062)
    1 1.122(0.122)
    1 1.130(0.130)
    3 2.964(-0.036)
    3 2.957(-0.043)
    4 3.942(-0.058)
    3 3.268(0.268)
    5 5.000(0.000)
    4 4.001(0.001)
    4 4.056(0.056)
    3 3.024(0.024)
    4 4.039(0.039)
    5 5.000(0.000)
    5 4.212(-0.788)
    5 4.559(-0.441)
    5 4.411(-0.589)
    3 3.065(0.065)
    4 4.037(0.037)
    5 5.000(0.000)
    3 3.087(0.087)
    3 3.174(0.174)
    5 4.886(-0.114)
    2 2.279(0.279)
    5 4.769(-0.231)
    5 5.000(0.000)
    5 5.000(0.000)
    4 3.960(-0.040)
    2 2.184(0.184)
    2 2.348(0.348)
    5 3.982(-1.018)
    1 1.664(0.664)
    5 4.231(-0.769)
    5 5.000(0.000)
    4 4.003(0.003)
    4 4.041(0.041)
    4 3.985(-0.015)
    1 0.994(-0.006)
    5 4.789(-0.211)
    5 5.000(0.000)
    5 5.000(0.000)
    5 5.000(0.000)
    1 1.750(0.750)
    1 1.336(0.336)
    5 4.663(-0.337)
    5 4.396(-0.604)
    5 4.857(-0.143)
    5 4.761(-0.239)
    5 4.635(-0.365)
    5 4.917(-0.083)
    5 4.756(-0.244)
    4 4.062(0.062)
    3 2.998(-0.002)
    5 5.000(0.000)
    3 2.891(-0.109)
    5 4.963(-0.037)
    3 2.917(-0.083)
    5 5.000(0.000)
    5 4.776(-0.224)
    2 1.961(-0.039)
    3 3.043(0.043)
    4 3.888(-0.112)
    4 4.308(0.308)
    4 3.934(-0.066)
    5 4.831(-0.169)
    5 4.868(-0.132)
    4 3.915(-0.085)
    5 4.948(-0.052)
    4 3.984(-0.016)
    4 3.661(-0.339)
    4 3.985(-0.015)
    3 3.002(0.002)
    3 3.353(0.353)
    4 4.023(0.023)
    5 5.000(0.000)
    5 4.816(-0.184)
    5 4.693(-0.307)
    4 4.221(0.221)
    4 3.814(-0.186)
    5 4.694(-0.306)
    1 1.003(0.003)
    2 2.295(0.295)
    5 5.000(0.000)
    5 3.789(-1.211)
    4 4.017(0.017)
    3 3.005(0.005)
    3 2.976(-0.024)
    5 4.914(-0.086)
    5 5.000(0.000)
    5 5.000(0.000)
    3 3.012(0.012)
    3 3.356(0.356)
    5 5.000(0.000)
    5 5.000(0.000)
    5 4.893(-0.107)
    4 3.888(-0.112)
    1 1.235(0.235)
    1 1.212(0.212)
    5 4.950(-0.050)
    5 5.000(0.000)
    5 5.000(0.000)
    5 5.000(0.000)
    5 5.000(0.000)
    3 3.328(0.328)
    4 4.014(0.014)
    3 2.903(-0.097)
    1 1.409(0.409)
    1 1.120(0.120)
    4 4.003(0.003)
    4 3.819(-0.181)
    1 1.311(0.311)
    4 4.010(0.010)
    5 4.840(-0.160)
    5 4.742(-0.258)
    2 2.009(0.009)
    3 3.123(0.123)
    1 1.004(0.004)
    5 4.885(-0.115)
    5 4.793(-0.207)
    4 3.922(-0.078)
    5 4.862(-0.138)
    4 4.077(0.077)
    4 4.025(0.025)
    5 3.981(-1.019)
    4 3.963(-0.037)
    4 4.018(0.018)
    5 5.000(0.000)
    3 3.073(0.073)
    4 4.041(0.041)
    5 5.000(0.000)
    3 3.167(0.167)
    2 2.265(0.265)
    5 4.921(-0.079)
    5 4.824(-0.176)
    5 4.963(-0.037)
    4 3.837(-0.163)
    1 0.994(-0.006)
    1 0.999(-0.001)
    4 4.068(0.068)
    5 4.896(-0.104)
    3 2.959(-0.041)
    4 3.406(-0.594)
    5 5.000(0.000)
    5 4.796(-0.204)
    1 1.332(0.332)
    4 4.246(0.246)
    5 4.972(-0.028)
    4 4.028(0.028)
    3 3.123(0.123)
    5 4.653(-0.347)
    4 4.032(0.032)
    3 3.131(0.131)
    1 1.005(0.005)
    5 4.532(-0.468)
    5 4.530(-0.470)
    3 3.227(0.227)
    3 3.124(0.124)
    3 3.072(0.072)
    3 3.245(0.245)
    3 3.049(0.049)
    1 1.416(0.416)
    3 2.998(-0.002)
    5 4.640(-0.360)
    4 3.906(-0.094)
    4 3.899(-0.101)
    2 2.225(0.225)
    2 2.709(0.709)
    4 3.430(-0.570)
    5 5.000(0.000)
    5 4.909(-0.091)
    4 3.861(-0.139)
    5 4.092(-0.908)
    5 5.000(0.000)
    5 4.659(-0.341)
    4 3.883(-0.117)
    5 4.743(-0.257)
    5 4.666(-0.334)
    2 2.130(0.130)
    1 1.261(0.261)
    5 5.000(0.000)
    5 4.550(-0.450)
    5 5.000(0.000)
    5 5.000(0.000)
    5 5.000(0.000)
    5 5.000(0.000)
    5 5.000(0.000)
    5 5.000(0.000)
    3 2.908(-0.092)
    4 3.714(-0.286)
    5 4.791(-0.209)
    4 3.976(-0.024)
    5 5.000(0.000)
    5 5.000(0.000)
    5 5.000(0.000)
    5 5.000(0.000)
    4 3.707(-0.293)
    4 4.056(0.056)
    3 3.250(0.250)
    5 4.920(-0.080)
    5 4.881(-0.119)
    5 5.000(0.000)
    1 1.089(0.089)
    4 3.993(-0.007)
    3 3.349(0.349)
    4 3.898(-0.102)
    1 1.785(0.785)
    2 2.157(0.157)
    5 5.000(0.000)
    5 4.831(-0.169)
    3 3.347(0.347)
    5 5.000(0.000)
    5 4.600(-0.400)
    5 5.000(0.000)
    5 4.753(-0.247)
    4 4.008(0.008)
    4 4.005(0.005)
    4 4.004(0.004)
    4 3.788(-0.212)
    4 4.026(0.026)
    4 4.017(0.017)
    4 3.994(-0.006)
    4 4.032(0.032)
    1 1.008(0.008)
    5 5.000(0.000)
    5 5.000(0.000)
    5 5.000(0.000)
    5 5.000(0.000)
    5 5.000(0.000)
    1 1.001(0.001)
    1 0.901(-0.099)
    1 1.112(0.112)
    5 5.000(0.000)
    2 2.010(0.010)
    5 4.718(-0.282)
    1 1.003(0.003)
    5 5.000(0.000)
    4 4.035(0.035)
    4 4.017(0.017)
    5 5.000(0.000)
    5 5.000(0.000)
    4 3.895(-0.105)
    5 4.894(-0.106)
    4 3.841(-0.159)
    4 3.942(-0.058)
    5 4.369(-0.631)
    3 3.232(0.232)
    4 4.032(0.032)
    1 1.649(0.649)
    1 1.707(0.707)
    2 2.746(0.746)
    2 2.765(0.765)
    4 3.980(-0.020)
    5 4.944(-0.056)
    5 5.000(0.000)
    5 5.000(0.000)
    5 4.659(-0.341)
    4 3.876(-0.124)
    1 1.243(0.243)
    4 3.984(-0.016)
    5 4.855(-0.145)
    2 2.010(0.010)
    5 4.892(-0.108)
    5 5.000(0.000)
    3 3.000(0.000)
    5 4.930(-0.070)
    5 5.000(0.000)
    5 5.000(0.000)
    5 4.817(-0.183)
    5 5.000(0.000)
    5 4.765(-0.235)
    5 5.000(0.000)
    5 4.711(-0.289)
    5 4.874(-0.126)
    5 5.000(0.000)
    5 4.899(-0.101)
    5 4.659(-0.341)
    2 1.868(-0.132)
    5 5.000(0.000)
    4 4.038(0.038)
    4 3.998(-0.002)
    4 3.927(-0.073)
    4 4.021(0.021)
    3 2.959(-0.041)
    5 4.720(-0.280)
    2 2.080(0.080)
    5 4.306(-0.694)
    5 4.512(-0.488)
    2 2.391(0.391)
    4 3.939(-0.061)
    5 5.000(0.000)
    5 4.603(-0.397)
    3 2.954(-0.046)
    4 3.977(-0.023)
    1 1.008(0.008)
    1 1.129(0.129)
    1 1.203(0.203)
    5 5.000(0.000)
    1 1.112(0.112)
    5 4.734(-0.266)
    5 4.848(-0.152)
    4 4.051(0.051)
    5 5.000(0.000)
    5 5.000(0.000)
    5 5.000(0.000)
    4 4.042(0.042)
    3 3.004(0.004)
    4 3.875(-0.125)
    3 3.122(0.122)
    5 4.864(-0.136)
    1 1.551(0.551)
    5 4.466(-0.534)
    2 1.998(-0.002)
    5 4.668(-0.332)
    5 5.000(0.000)
    5 5.000(0.000)
    5 4.957(-0.043)
    4 4.006(0.006)
    3 3.033(0.033)
    4 3.917(-0.083)
    2 1.978(-0.022)
    5 4.557(-0.443)
    5 5.000(0.000)
    5 5.000(0.000)
    5 4.397(-0.603)
    5 4.843(-0.157)
    5 5.000(0.000)
    5 4.940(-0.060)
    1 1.478(0.478)
    1 0.955(-0.045)
    3 2.943(-0.057)
    1 1.142(0.142)
    1 1.168(0.168)
    1 0.982(-0.018)
    4 3.959(-0.041)
    5 5.000(0.000)
    3 3.331(0.331)
    3 3.017(0.017)
    4 4.037(0.037)
    3 3.025(0.025)
    5 5.000(0.000)
    2 2.090(0.090)
    4 3.933(-0.067)
    5 4.252(-0.748)
    4 4.005(0.005)
    4 4.108(0.108)
    1 1.229(0.229)
    4 4.114(0.114)
    4 3.912(-0.088)
    5 4.825(-0.175)
    3 3.086(0.086)
    3 2.896(-0.104)
    5 4.845(-0.155)
    5 5.000(0.000)
    5 4.934(-0.066)
    5 5.000(0.000)
    5 5.000(0.000)
    5 5.000(0.000)
    5 4.975(-0.025)
    4 4.030(0.030)
    5 4.776(-0.224)
    3 2.919(-0.081)
    1 0.996(-0.004)
    5 5.000(0.000)
    2 2.051(0.051)
    3 2.861(-0.139)
    5 5.000(0.000)
    5 5.000(0.000)
    5 4.708(-0.292)
    4 3.982(-0.018)
    5 5.000(0.000)
    4 4.254(0.254)
    5 5.000(0.000)
    5 4.975(-0.025)
    5 5.000(0.000)
    4 4.082(0.082)
    2 1.997(-0.003)
    5 4.402(-0.598)
    5 5.000(0.000)
    2 2.724(0.724)
    4 3.983(-0.017)
    1 0.991(-0.009)
    4 3.887(-0.113)
    1 1.020(0.020)
    5 5.000(0.000)
    4 3.964(-0.036)
    4 3.744(-0.256)
    1 0.995(-0.005)
    5 5.000(0.000)
    1 0.983(-0.017)
    1 1.004(0.004)
    1 0.997(-0.003)
    2 2.075(0.075)
    3 3.204(0.204)
    5 5.000(0.000)
    4 3.865(-0.135)
    3 2.948(-0.052)
    5 4.960(-0.040)
    3 2.969(-0.031)
    3 3.254(0.254)
    3 3.174(0.174)
    3 3.059(0.059)
    1 1.667(0.667)
    5 5.000(0.000)
    5 5.000(0.000)
    5 4.696(-0.304)
    3 2.975(-0.025)
    5 4.687(-0.313)
    5 4.755(-0.245)
    4 4.008(0.008)
    4 4.073(0.073)
    2 2.593(0.593)
    5 4.703(-0.297)
    5 4.722(-0.278)
    5 4.035(-0.965)
    3 3.036(0.036)
    3 3.016(0.016)
    5 4.421(-0.579)
    4 4.039(0.039)
    4 3.826(-0.174)
    5 4.621(-0.379)
    2 2.195(0.195)
    5 4.507(-0.493)
    4 4.058(0.058)
    4 4.038(0.038)
    5 4.857(-0.143)
    5 4.717(-0.283)
    1 1.002(0.002)
    1 1.267(0.267)
    3 2.975(-0.025)
    4 3.908(-0.092)
    5 4.662(-0.338)
    5 4.675(-0.325)
    4 3.901(-0.099)
    3 2.653(-0.347)
    1 1.510(0.510)
    5 4.453(-0.547)
    5 4.919(-0.081)
    5 4.633(-0.367)
    4 3.821(-0.179)
    5 4.958(-0.042)
    5 4.564(-0.436)
    3 3.005(0.005)
    5 5.000(0.000)
    5 4.967(-0.033)
    4 3.926(-0.074)
    4 3.954(-0.046)
    3 3.279(0.279)
    1 1.124(0.124)
    3 2.965(-0.035)
    4 3.940(-0.060)
    5 5.000(0.000)
    1 1.328(0.328)
    1 1.279(0.279)
    1 1.261(0.261)
    1 1.171(0.171)
    1 1.136(0.136)
    1 1.334(0.334)
    1 1.298(0.298)
    1 1.138(0.138)
    1 1.254(0.254)
    1 1.145(0.145)
    1 1.297(0.297)
    1 1.220(0.220)
    1 1.220(0.220)
    1 1.287(0.287)
    4 3.928(-0.072)
    5 4.680(-0.320)
    4 3.680(-0.320)
    4 4.000(0.000)
    4 3.772(-0.228)
    5 4.977(-0.023)
    5 5.000(0.000)
    5 5.000(0.000)
    3 2.923(-0.077)
    5 4.355(-0.645)
    3 2.925(-0.075)
    3 3.013(0.013)
    2 1.956(-0.044)
    2 2.761(0.761)
    2 1.937(-0.063)
    4 3.947(-0.053)
    5 4.516(-0.484)
    5 4.914(-0.086)
    5 4.860(-0.140)
    5 5.000(0.000)
    5 5.000(0.000)
    4 4.013(0.013)
    5 5.000(0.000)
    5 4.978(-0.022)
    4 4.074(0.074)
    5 4.586(-0.414)
    2 2.008(0.008)
    2 1.915(-0.085)
    5 4.674(-0.326)
    5 5.000(0.000)
    2 2.482(0.482)
    2 2.617(0.617)
    3 3.068(0.068)
    3 2.991(-0.009)
    4 3.978(-0.022)
    4 3.934(-0.066)
    2 2.288(0.288)
    2 2.310(0.310)
    5 4.782(-0.218)
    5 4.451(-0.549)
    4 3.978(-0.022)
    5 4.841(-0.159)
    2 1.910(-0.090)
    4 4.037(0.037)
    4 3.978(-0.022)
    5 4.521(-0.479)
    4 4.028(0.028)
    4 4.046(0.046)
    5 5.000(0.000)
    5 4.726(-0.274)
    5 4.810(-0.190)
    3 3.341(0.341)
    1 1.312(0.312)
    5 5.000(0.000)
    4 3.943(-0.057)
    5 4.712(-0.288)
    4 4.032(0.032)
    4 3.818(-0.182)
    5 4.737(-0.263)
    5 4.798(-0.202)
    5 5.000(0.000)
    5 5.000(0.000)
    1 1.200(0.200)
    5 5.000(0.000)
    5 5.000(0.000)
    4 4.057(0.057)
    3 2.924(-0.076)
    4 4.029(0.029)
    4 3.986(-0.014)
    3 2.963(-0.037)
    5 4.873(-0.127)
    4 4.063(0.063)
    4 3.983(-0.017)
    4 3.958(-0.042)
    4 3.950(-0.050)
    3 2.978(-0.022)
    2 2.558(0.558)
    4 3.809(-0.191)
    4 3.961(-0.039)
    5 4.753(-0.247)
    5 5.000(0.000)
    4 3.738(-0.262)
    1 1.902(0.902)
    5 4.635(-0.365)
    4 4.018(0.018)
    4 3.959(-0.041)
    1 1.084(0.084)
    2 2.104(0.104)
    2 1.975(-0.025)
    2 1.972(-0.028)
    4 3.996(-0.004)
    5 5.000(0.000)
    4 4.071(0.071)
    4 3.926(-0.074)
    3 3.153(0.153)
    3 3.199(0.199)
    3 3.003(0.003)
    5 4.981(-0.019)
    5 4.182(-0.818)
    3 3.195(0.195)
    3 2.925(-0.075)
    2 2.172(0.172)
    5 5.000(0.000)
    3 3.223(0.223)
    2 2.325(0.325)
    5 4.868(-0.132)
    5 5.000(0.000)
    5 4.856(-0.144)
    5 4.808(-0.192)
    5 4.739(-0.261)
    1 1.368(0.368)
    1 1.361(0.361)
    1 1.410(0.410)
    4 3.927(-0.073)
    5 5.000(0.000)
    5 5.000(0.000)
    5 5.000(0.000)
    3 3.001(0.001)
    4 3.968(-0.032)
    4 3.938(-0.062)
    1 1.799(0.799)
    1 1.543(0.543)
    5 5.000(0.000)
    1 1.222(0.222)
    1 1.976(0.976)
    5 4.749(-0.251)
    5 5.000(0.000)
    3 3.232(0.232)
    3 3.172(0.172)
    3 3.153(0.153)
    4 3.974(-0.026)
    3 2.921(-0.079)
    4 3.904(-0.096)
    3 2.830(-0.170)
    2 2.180(0.180)
    1 0.999(-0.001)
    1 1.001(0.001)
    5 4.471(-0.529)
    5 4.746(-0.254)
    5 4.849(-0.151)
    5 4.929(-0.071)
    5 4.904(-0.096)
    4 3.987(-0.013)
    4 3.943(-0.057)
    5 4.765(-0.235)
    4 3.962(-0.038)
    4 4.005(0.005)
    5 4.899(-0.101)
    5 5.000(0.000)
    5 4.743(-0.257)
    5 4.950(-0.050)
    3 3.035(0.035)
    5 4.822(-0.178)
    3 2.960(-0.040)
    5 4.818(-0.182)
    5 4.838(-0.162)
    3 2.754(-0.246)
    5 5.000(0.000)
    2 2.236(0.236)
    4 4.059(0.059)
    2 2.109(0.109)
    4 3.855(-0.145)
    4 4.038(0.038)
    4 3.884(-0.116)
    4 3.989(-0.011)
    4 4.065(0.065)
    4 4.051(0.051)
    4 4.042(0.042)
    4 4.035(0.035)
    3 3.253(0.253)
    1 1.001(0.001)
    5 4.935(-0.065)
    4 3.909(-0.091)
    3 3.247(0.247)
    4 4.058(0.058)
    4 3.938(-0.062)
    5 4.435(-0.565)
    3 2.994(-0.006)
    5 4.404(-0.596)
    4 3.948(-0.052)
    5 4.403(-0.597)
    1 1.679(0.679)
    5 5.000(0.000)
    5 5.000(0.000)
    4 3.892(-0.108)
    4 3.936(-0.064)
    3 2.977(-0.023)
    4 3.916(-0.084)
    4 3.986(-0.014)
    2 2.348(0.348)
    5 4.834(-0.166)
    5 5.000(0.000)
    5 4.821(-0.179)
    4 3.942(-0.058)
    2 2.277(0.277)
    5 3.983(-1.017)
    5 5.000(0.000)
    5 4.889(-0.111)
    5 5.000(0.000)
    5 5.000(0.000)
    5 5.000(0.000)
    1 0.989(-0.011)
    4 4.002(0.002)
    2 2.749(0.749)
    5 4.645(-0.355)
    5 5.000(0.000)
    5 5.000(0.000)
    5 5.000(0.000)
    5 5.000(0.000)
    5 5.000(0.000)
    5 5.000(0.000)
    5 5.000(0.000)
    5 4.752(-0.248)
    5 5.000(0.000)
    5 4.568(-0.432)
    5 4.637(-0.363)
    2 2.595(0.595)
    3 3.331(0.331)
    5 4.635(-0.365)
    4 4.013(0.013)
    3 3.207(0.207)
    5 4.577(-0.423)
    4 3.972(-0.028)
    3 2.999(-0.001)
    5 4.655(-0.345)
    5 4.892(-0.108)
    2 2.047(0.047)
    3 3.512(0.512)
    5 4.979(-0.021)
    4 4.026(0.026)
    4 3.977(-0.023)
    5 5.000(0.000)
    5 5.000(0.000)
    3 3.247(0.247)
    4 4.037(0.037)
    5 4.375(-0.625)
    3 3.095(0.095)
    2 2.055(0.055)
    4 3.986(-0.014)
    4 4.022(0.022)
    4 3.941(-0.059)
    1 1.248(0.248)
    1 1.032(0.032)
    5 5.000(0.000)
    5 4.910(-0.090)
    5 4.979(-0.021)
    4 3.969(-0.031)
    3 2.969(-0.031)
    5 5.000(0.000)
    3 2.998(-0.002)
    5 4.851(-0.149)
    5 4.553(-0.447)
    5 4.841(-0.159)
    5 4.633(-0.367)
    5 5.000(0.000)
    5 5.000(0.000)
    5 5.000(0.000)
    5 5.000(0.000)
    5 5.000(0.000)
    5 5.000(0.000)
    5 5.000(0.000)
    5 5.000(0.000)
    3 2.980(-0.020)
    4 3.982(-0.018)
    5 4.979(-0.021)
    5 4.818(-0.182)
    1 0.985(-0.015)
    1 0.992(-0.008)
    1 1.592(0.592)
    2 2.132(0.132)
    5 4.715(-0.285)
    5 5.000(0.000)
    1 1.056(0.056)
    4 3.937(-0.063)
    4 3.979(-0.021)
    5 5.000(0.000)
    5 4.918(-0.082)
    4 3.885(-0.115)
    4 3.927(-0.073)
    4 3.983(-0.017)
    1 1.353(0.353)
    1 1.394(0.394)
    1 1.233(0.233)
    5 4.732(-0.268)
    5 5.000(0.000)
    3 2.935(-0.065)
    1 1.216(0.216)
    1 1.082(0.082)
    1 1.019(0.019)
    1 1.057(0.057)
    4 3.701(-0.299)
    4 3.885(-0.115)
    4 3.918(-0.082)
    5 5.000(0.000)
    3 3.219(0.219)
    1 0.996(-0.004)
    1 0.997(-0.003)
    5 4.382(-0.618)
    5 4.898(-0.102)
    5 5.000(0.000)
    4 3.889(-0.111)
    4 3.902(-0.098)
    3 3.170(0.170)
    5 5.000(0.000)
    5 4.870(-0.130)
    4 3.952(-0.048)
    5 5.000(0.000)
    4 3.993(-0.007)
    4 3.853(-0.147)
    3 2.913(-0.087)
    2 1.984(-0.016)
    1 1.005(0.005)
    3 3.118(0.118)
    1 1.361(0.361)
    5 5.000(0.000)
    1 0.988(-0.012)
    4 4.010(0.010)
    4 4.035(0.035)
    4 3.934(-0.066)
    1 0.992(-0.008)
    1 1.295(0.295)
    1 1.002(0.002)
    1 1.148(0.148)
    1 0.989(-0.011)
    1 1.110(0.110)
    1 0.907(-0.093)
    1 0.994(-0.006)
    1 1.007(0.007)
    1 0.899(-0.101)
    1 1.083(0.083)
    4 4.044(0.044)
    4 4.176(0.176)
    5 4.854(-0.146)
    5 5.000(0.000)
    5 5.000(0.000)
    5 5.000(0.000)
    5 4.873(-0.127)
    5 4.483(-0.517)
    4 4.071(0.071)
    1 1.096(0.096)
    3 3.009(0.009)
    5 4.756(-0.244)
    5 4.741(-0.259)
    5 5.000(0.000)
    5 5.000(0.000)
    4 3.996(-0.004)
    5 4.487(-0.513)
    5 5.000(0.000)
    4 3.956(-0.044)
    1 1.108(0.108)
    1 0.943(-0.057)
    5 5.000(0.000)
    5 5.000(0.000)
    4 3.937(-0.063)
    5 4.941(-0.059)
    4 4.045(0.045)
    5 5.000(0.000)
    5 5.000(0.000)
    5 5.000(0.000)
    4 3.755(-0.245)
    4 3.993(-0.007)
    4 4.023(0.023)
    4 3.962(-0.038)
    5 5.000(0.000)
    5 5.000(0.000)
    5 4.773(-0.227)
    5 4.970(-0.030)
    5 4.803(-0.197)
    5 4.818(-0.182)
    5 4.609(-0.391)
    5 4.470(-0.530)
    2 2.382(0.382)
    4 4.110(0.110)
    3 3.172(0.172)
    3 3.090(0.090)
    4 3.941(-0.059)
    5 5.000(0.000)
    5 5.000(0.000)
    5 4.759(-0.241)
    5 4.979(-0.021)
    5 5.000(0.000)
    5 4.929(-0.071)
    3 3.005(0.005)
    2 2.023(0.023)
    4 3.998(-0.002)
    2 2.545(0.545)
    5 5.000(0.000)
    1 1.741(0.741)
    3 3.310(0.310)
    2 3.029(1.029)
    5 4.367(-0.633)
    2 2.005(0.005)
    2 2.103(0.103)
    2 2.033(0.033)
    1 1.167(0.167)
    1 1.007(0.007)
    5 5.000(0.000)
    4 3.968(-0.032)
    5 4.454(-0.546)
    1 2.723(1.723)
    5 4.791(-0.209)
    2 2.401(0.401)
    5 3.823(-1.177)
    3 3.192(0.192)
    2 2.028(0.028)
    5 4.661(-0.339)
    3 3.001(0.001)
    5 3.946(-1.054)
    3 3.179(0.179)
    3 3.183(0.183)
    3 3.080(0.080)
    3 3.371(0.371)
    1 1.369(0.369)
    4 3.944(-0.056)
    5 4.753(-0.247)
    5 5.000(0.000)
    4 4.059(0.059)
    4 3.937(-0.063)
    4 4.040(0.040)
    4 3.764(-0.236)
    3 2.997(-0.003)
    3 3.196(0.196)
    3 2.966(-0.034)
    5 5.000(0.000)
    5 5.000(0.000)
    3 3.001(0.001)
    2 2.333(0.333)
    1 1.884(0.884)
    1 0.991(-0.009)
    1 1.301(0.301)
    5 4.738(-0.262)
    5 5.000(0.000)
    5 4.696(-0.304)
    5 4.916(-0.084)
    5 4.551(-0.449)
    1 1.027(0.027)
    1 1.218(0.218)
    5 4.815(-0.185)
    5 4.438(-0.562)
    5 5.000(0.000)
    2 2.004(0.004)
    5 5.000(0.000)
    5 5.000(0.000)
    3 3.275(0.275)
    5 4.576(-0.424)
    5 5.000(0.000)
    5 5.000(0.000)
    5 5.000(0.000)
    5 5.000(0.000)
    5 4.825(-0.175)
    5 5.000(0.000)
    5 5.000(0.000)
    5 5.000(0.000)
    5 5.000(0.000)
    5 5.000(0.000)
    5 5.000(0.000)
    3 3.008(0.008)
    4 3.949(-0.051)
    5 5.000(0.000)
    4 4.178(0.178)
    3 3.077(0.077)
    4 4.085(0.085)
    5 4.698(-0.302)
    5 5.000(0.000)
    5 4.717(-0.283)
    5 4.584(-0.416)
    3 3.512(0.512)
    2 2.651(0.651)
    4 4.045(0.045)
    4 4.002(0.002)
    5 4.342(-0.658)
    5 4.700(-0.300)
    2 3.295(1.295)
    5 5.000(0.000)
    5 4.567(-0.433)
    5 5.000(0.000)
    3 3.121(0.121)
    3 2.968(-0.032)
    4 4.032(0.032)
    4 4.027(0.027)
    3 3.061(0.061)
    5 4.291(-0.709)
    5 4.808(-0.192)
    5 4.962(-0.038)
    5 4.916(-0.084)
    5 4.922(-0.078)
    5 5.000(0.000)
    4 4.041(0.041)
    4 3.964(-0.036)
    5 5.000(0.000)
    4 4.025(0.025)
    5 4.836(-0.164)
    2 2.051(0.051)
    5 5.000(0.000)
    5 4.463(-0.537)
    4 3.926(-0.074)
    4 3.979(-0.021)
    4 3.934(-0.066)
    4 3.331(-0.669)
    5 4.797(-0.203)
    2 1.985(-0.015)
    2 2.136(0.136)
    5 4.199(-0.801)
    5 4.782(-0.218)
    1 1.000(0.000)
    2 2.015(0.015)
    4 3.974(-0.026)
    5 4.650(-0.350)
    5 4.974(-0.026)
    5 4.536(-0.464)
    5 4.748(-0.252)
    1 1.801(0.801)
    5 5.000(0.000)
    2 2.905(0.905)
    5 4.331(-0.669)
    5 4.613(-0.387)
    5 5.000(0.000)
    5 4.941(-0.059)
    2 1.918(-0.082)
    5 4.554(-0.446)
    5 5.000(0.000)
    5 5.000(0.000)
    4 3.842(-0.158)
    2 2.118(0.118)
    4 4.001(0.001)
    2 1.911(-0.089)
    5 4.590(-0.410)
    2 2.113(0.113)
    2 2.062(0.062)
    2 2.065(0.065)
    5 5.000(0.000)
    5 5.000(0.000)
    5 5.000(0.000)
    4 3.466(-0.534)
    2 2.061(0.061)
    5 4.507(-0.493)
    4 4.051(0.051)
    3 3.326(0.326)
    2 1.928(-0.072)
    4 3.941(-0.059)
    4 4.053(0.053)
    5 4.714(-0.286)
    4 3.967(-0.033)
    5 4.653(-0.347)
    5 4.827(-0.173)
    3 3.003(0.003)
    2 2.014(0.014)
    5 5.000(0.000)
    4 3.780(-0.220)
    5 5.000(0.000)
    2 2.293(0.293)
    4 3.981(-0.019)
    5 4.909(-0.091)
    3 3.073(0.073)
    5 4.861(-0.139)
    5 5.000(0.000)
    3 3.252(0.252)
    4 4.014(0.014)
    2 1.969(-0.031)
    5 5.000(0.000)
    5 5.000(0.000)
    5 5.000(0.000)
    2 2.328(0.328)
    5 4.637(-0.363)
    5 5.000(0.000)
    5 4.710(-0.290)
    5 4.943(-0.057)
    3 2.944(-0.056)
    1 1.072(0.072)
    5 5.000(0.000)
    1 0.995(-0.005)
    5 4.668(-0.332)
    4 3.959(-0.041)
    4 3.941(-0.059)
    3 3.427(0.427)
    5 4.175(-0.825)
    2 2.083(0.083)
    1 0.990(-0.010)
    1 1.009(0.009)
    5 5.000(0.000)
    5 5.000(0.000)
    4 3.973(-0.027)
    3 2.988(-0.012)
    4 3.943(-0.057)
    3 3.286(0.286)
    2 3.086(1.086)
    4 3.965(-0.035)
    5 4.312(-0.688)
    4 4.017(0.017)
    5 4.214(-0.786)
    5 4.664(-0.336)
    2 2.511(0.511)
    1 0.896(-0.104)
    1 1.074(0.074)
    4 3.936(-0.064)
    4 3.987(-0.013)
    5 4.963(-0.037)
    5 5.000(0.000)
    5 5.000(0.000)
    1 1.818(0.818)
    4 4.038(0.038)
    3 2.960(-0.040)
    4 3.494(-0.506)
    2 2.220(0.220)
    4 3.984(-0.016)
    5 4.888(-0.112)
    5 5.000(0.000)
    5 4.888(-0.112)
    5 4.793(-0.207)
    5 4.815(-0.185)
    5 4.597(-0.403)
    3 3.736(0.736)
    5 5.000(0.000)
    5 4.463(-0.537)
    4 4.041(0.041)
    5 4.982(-0.018)
    5 5.000(0.000)
    5 5.000(0.000)
    5 5.000(0.000)
    2 2.456(0.456)
    5 4.684(-0.316)
    4 4.002(0.002)
    4 4.251(0.251)
    1 1.733(0.733)
    1 1.007(0.007)
    5 5.000(0.000)
    4 4.052(0.052)
    4 3.986(-0.014)
    1 1.501(0.501)
    5 4.633(-0.367)
    1 0.999(-0.001)
    5 5.000(0.000)
    5 5.000(0.000)
    4 3.950(-0.050)
    5 5.000(0.000)
    5 5.000(0.000)
    5 5.000(0.000)
    5 4.405(-0.595)
    1 1.185(0.185)
    2 2.018(0.018)
    5 4.299(-0.701)
    1 0.965(-0.035)
    1 1.191(0.191)
    1 1.095(0.095)
    1 1.201(0.201)
    1 0.963(-0.037)
    5 4.338(-0.662)
    5 4.677(-0.323)
    5 4.649(-0.351)
    1 1.086(0.086)
    5 4.975(-0.025)
    1 1.019(0.019)
    1 1.231(0.231)
    4 3.958(-0.042)
    5 4.640(-0.360)
    3 2.968(-0.032)
    4 3.929(-0.071)
    4 4.052(0.052)
    5 5.000(0.000)
    5 5.000(0.000)
    4 3.955(-0.045)
    5 4.791(-0.209)
    5 3.991(-1.009)
    5 4.363(-0.637)
    5 4.237(-0.763)
    5 5.000(0.000)
    2 2.054(0.054)
    4 3.930(-0.070)
    4 3.895(-0.105)
    5 5.000(0.000)
    4 4.000(0.000)
    4 4.070(0.070)
    1 1.534(0.534)
    1 1.375(0.375)
    1 1.531(0.531)
    5 5.000(0.000)
    5 5.000(0.000)
    3 2.983(-0.017)
    3 3.792(0.792)
    4 3.796(-0.204)
    1 1.090(0.090)
    1 1.039(0.039)
    5 4.568(-0.432)
    4 4.048(0.048)
    3 3.011(0.011)
    4 4.002(0.002)
    4 3.979(-0.021)
    3 2.938(-0.062)
    5 4.705(-0.295)
    5 4.845(-0.155)
    5 4.823(-0.177)
    5 5.000(0.000)
    5 5.000(0.000)
    5 5.000(0.000)
    5 4.966(-0.034)
    4 3.946(-0.054)
    5 4.590(-0.410)
    5 4.673(-0.327)
    2 2.301(0.301)
    4 3.949(-0.051)
    5 4.966(-0.034)
    4 4.567(0.567)
    1 1.092(0.092)
    5 4.618(-0.382)
    1 0.995(-0.005)
    5 5.000(0.000)
    5 5.000(0.000)
    5 4.679(-0.321)
    4 3.922(-0.078)
    4 3.846(-0.154)
    3 3.028(0.028)
    4 4.009(0.009)
    3 3.381(0.381)
    3 3.100(0.100)
    4 4.044(0.044)
    4 3.808(-0.192)
    4 3.962(-0.038)
    5 4.656(-0.344)
    3 3.043(0.043)
    3 3.245(0.245)
    1 0.990(-0.010)
    4 3.618(-0.382)
    5 4.604(-0.396)
    5 4.971(-0.029)
    2 2.029(0.029)
    3 3.046(0.046)
    4 3.941(-0.059)
    5 4.826(-0.174)
    5 5.000(0.000)
    5 4.797(-0.203)
    5 4.998(-0.002)
    2 2.278(0.278)
    5 4.156(-0.844)
    3 3.393(0.393)
    5 5.000(0.000)
    5 4.892(-0.108)
    5 4.750(-0.250)
    4 3.873(-0.127)
    3 3.032(0.032)
    5 5.000(0.000)
    5 5.000(0.000)
    5 5.000(0.000)
    5 4.669(-0.331)
    1 1.009(0.009)
    5 5.000(0.000)
    5 5.000(0.000)
    5 5.000(0.000)
    5 5.000(0.000)
    5 5.000(0.000)
    5 5.000(0.000)
    4 3.921(-0.079)
    3 3.050(0.050)
    3 3.142(0.142)
    2 2.051(0.051)
    5 4.687(-0.313)
    3 2.952(-0.048)
    5 4.729(-0.271)
    5 5.000(0.000)
    5 5.000(0.000)
    2 1.926(-0.074)
    5 4.583(-0.417)
    4 3.613(-0.387)
    4 3.761(-0.239)
    1 1.306(0.306)
    3 3.255(0.255)
    5 5.000(0.000)
    5 5.000(0.000)
    3 3.117(0.117)
    5 5.000(0.000)
    5 5.000(0.000)
    5 5.000(0.000)
    5 4.986(-0.014)
    4 3.955(-0.045)
    5 4.552(-0.448)
    5 4.656(-0.344)
    5 5.000(0.000)
    3 3.195(0.195)
    5 5.000(0.000)
    5 4.941(-0.059)
    2 2.108(0.108)
    5 4.821(-0.179)
    3 3.003(0.003)
    2 2.275(0.275)
    5 5.000(0.000)
    5 5.000(0.000)
    5 5.000(0.000)
    5 5.000(0.000)
    5 4.861(-0.139)
    5 5.000(0.000)
    5 5.000(0.000)
    5 5.000(0.000)
    5 4.946(-0.054)
    1 1.130(0.130)
    1 1.152(0.152)
    5 4.670(-0.330)
    4 3.739(-0.261)
    3 3.232(0.232)
    5 5.000(0.000)
    5 4.856(-0.144)
    5 4.705(-0.295)
    3 3.025(0.025)
    4 3.860(-0.140)
    2 2.235(0.235)
    4 3.855(-0.145)
    4 4.057(0.057)
    4 3.976(-0.024)
    5 4.906(-0.094)
    5 5.000(0.000)
    5 4.250(-0.750)
    5 4.626(-0.374)
    5 4.561(-0.439)
    2 2.048(0.048)
    5 5.000(0.000)
    4 3.742(-0.258)
    3 3.059(0.059)
    2 2.054(0.054)
    5 4.688(-0.312)
    5 4.543(-0.457)
    2 2.055(0.055)
    3 3.222(0.222)
    4 4.013(0.013)
    5 5.000(0.000)
    3 2.855(-0.145)
    1 1.004(0.004)
    5 4.981(-0.019)
    5 5.000(0.000)
    3 3.137(0.137)
    3 2.950(-0.050)
    1 1.002(0.002)
    4 4.028(0.028)
    5 5.000(0.000)
    4 4.080(0.080)
    2 2.738(0.738)
    5 4.873(-0.127)
    5 4.963(-0.037)
    5 4.967(-0.033)
    5 4.590(-0.410)
    5 5.000(0.000)
    5 4.572(-0.428)
    5 4.153(-0.847)
    5 4.860(-0.140)
    5 4.727(-0.273)
    4 4.024(0.024)
    3 3.565(0.565)
    5 4.905(-0.095)
    5 4.901(-0.099)
    5 5.000(0.000)
    5 4.520(-0.480)
    5 5.000(0.000)
    5 4.223(-0.777)
    2 3.666(1.666)
    4 4.063(0.063)
    4 3.934(-0.066)
    5 4.833(-0.167)
    3 3.042(0.042)
    5 4.492(-0.508)
    1 1.327(0.327)
    5 5.000(0.000)
    1 1.006(0.006)
    5 5.000(0.000)
    1 1.003(0.003)
    4 3.969(-0.031)
    4 4.075(0.075)
    4 4.102(0.102)
    5 5.000(0.000)
    5 4.976(-0.024)
    4 3.940(-0.060)
    2 2.558(0.558)
    4 4.028(0.028)
    4 4.041(0.041)
    4 3.944(-0.056)
    1 1.302(0.302)
    5 4.769(-0.231)
    3 3.043(0.043)
    3 2.971(-0.029)
    4 3.926(-0.074)
    5 4.785(-0.215)
    4 4.005(0.005)
    4 3.997(-0.003)
    4 4.257(0.257)
    5 5.000(0.000)
    3 3.292(0.292)
    4 3.914(-0.086)
    3 3.255(0.255)
    4 4.052(0.052)
    4 4.026(0.026)
    4 4.021(0.021)
    5 4.777(-0.223)
    4 4.014(0.014)
    4 3.877(-0.123)
    2 2.738(0.738)
    4 3.978(-0.022)
    5 5.000(0.000)
    5 5.000(0.000)
    1 1.425(0.425)
    5 4.759(-0.241)
    5 4.543(-0.457)
    1 1.246(0.246)
    5 4.863(-0.137)
    5 5.000(0.000)
    5 4.565(-0.435)
    5 4.736(-0.264)
    4 4.045(0.045)
    4 3.965(-0.035)
    4 3.967(-0.033)
    5 4.901(-0.099)
    5 4.549(-0.451)
    2 1.986(-0.014)
    4 3.861(-0.139)
    5 4.823(-0.177)
    5 4.803(-0.197)
    5 4.488(-0.512)
    4 4.067(0.067)
    4 4.037(0.037)
    5 4.744(-0.256)
    5 4.426(-0.574)
    5 4.848(-0.152)
    5 4.650(-0.350)
    3 3.046(0.046)
    3 3.001(0.001)
    3 3.257(0.257)
    5 4.995(-0.005)
    4 4.025(0.025)
    2 2.089(0.089)
    5 5.000(0.000)
    5 5.000(0.000)
    1 1.003(0.003)
    5 5.000(0.000)
    5 5.000(0.000)
    5 5.000(0.000)
    5 5.000(0.000)
    4 3.818(-0.182)
    3 3.162(0.162)
    1 1.266(0.266)
    1 0.997(-0.003)
    1 1.134(0.134)
    1 1.247(0.247)
    1 0.982(-0.018)
    1 1.005(0.005)
    1 1.008(0.008)
    1 0.995(-0.005)
    1 0.988(-0.012)
    1 0.985(-0.015)
    1 0.983(-0.017)
    1 0.997(-0.003)
    1 1.002(0.002)
    1 0.978(-0.022)
    1 0.996(-0.004)
    1 0.990(-0.010)
    1 1.003(0.003)
    1 1.206(0.206)
    1 0.982(-0.018)
    4 3.953(-0.047)
    5 4.877(-0.123)
    5 4.945(-0.055)
    3 3.014(0.014)
    3 3.208(0.208)
    4 3.883(-0.117)
    5 4.587(-0.413)
    5 4.692(-0.308)
    5 4.157(-0.843)
    1 1.353(0.353)
    4 4.016(0.016)
    5 4.899(-0.101)
    5 5.000(0.000)
    4 3.916(-0.084)
    5 4.140(-0.860)
    5 4.857(-0.143)
    5 4.632(-0.368)
    5 4.726(-0.274)
    5 4.628(-0.372)
    5 5.000(0.000)
    5 4.929(-0.071)
    1 1.175(0.175)
    1 1.036(0.036)
    1 1.090(0.090)
    4 4.044(0.044)
    4 4.046(0.046)
    5 4.766(-0.234)
    5 5.000(0.000)
    5 5.000(0.000)
    2 2.052(0.052)
    2 2.232(0.232)
    1 1.005(0.005)
    3 3.266(0.266)
    3 3.227(0.227)
    5 5.000(0.000)
    1 1.230(0.230)
    5 4.711(-0.289)
    2 1.995(-0.005)
    4 3.912(-0.088)
    5 5.000(0.000)
    5 4.932(-0.068)
    4 4.039(0.039)
    2 3.013(1.013)
    5 4.712(-0.288)
    4 3.957(-0.043)
    5 4.091(-0.909)
    3 3.030(0.030)
    4 3.976(-0.024)
    3 3.032(0.032)
    1 1.336(0.336)
    5 5.000(0.000)
    3 3.316(0.316)
    4 4.034(0.034)
    4 3.863(-0.137)
    5 4.330(-0.670)
    4 4.043(0.043)
    1 1.427(0.427)
    5 4.733(-0.267)
    5 4.683(-0.317)
    5 4.543(-0.457)
    5 4.924(-0.076)
    5 4.651(-0.349)
    4 3.886(-0.114)
    3 3.073(0.073)
    4 4.038(0.038)
    4 4.004(0.004)
    3 3.032(0.032)
    3 3.041(0.041)
    4 4.014(0.014)
    5 4.123(-0.877)
    5 5.000(0.000)
    5 5.000(0.000)
    5 4.327(-0.673)
    5 4.724(-0.276)
    5 4.662(-0.338)
    3 2.910(-0.090)
    3 3.149(0.149)
    3 3.035(0.035)
    3 3.322(0.322)
    2 1.943(-0.057)
    5 4.428(-0.572)
    3 2.923(-0.077)
    5 4.809(-0.191)
    5 4.684(-0.316)
    5 5.000(0.000)
    3 2.982(-0.018)
    2 2.430(0.430)
    4 4.052(0.052)
    4 4.014(0.014)
    2 1.970(-0.030)
    4 3.887(-0.113)
    5 4.669(-0.331)
    5 4.733(-0.267)
    5 4.536(-0.464)
    5 3.783(-1.217)
    2 2.311(0.311)
    1 1.769(0.769)
    4 4.015(0.015)
    3 2.903(-0.097)
    5 4.428(-0.572)
    2 2.066(0.066)
    4 3.968(-0.032)
    3 3.056(0.056)
    5 4.579(-0.421)
    4 3.933(-0.067)
    2 2.032(0.032)
    3 3.414(0.414)
    5 4.942(-0.058)
    2 2.176(0.176)
    4 3.796(-0.204)
    2 2.379(0.379)
    4 3.950(-0.050)
    4 3.942(-0.058)
    3 3.357(0.357)
    5 4.662(-0.338)
    5 4.409(-0.591)
    1 1.350(0.350)
    5 4.713(-0.287)
    1 1.104(0.104)
    1 1.612(0.612)
    4 4.154(0.154)
    5 5.000(0.000)
    5 5.000(0.000)
    5 5.000(0.000)
    5 5.000(0.000)
    5 5.000(0.000)
    5 4.567(-0.433)
    5 5.000(0.000)
    4 3.898(-0.102)
    5 5.000(0.000)
    5 5.000(0.000)
    1 0.995(-0.005)
    4 3.873(-0.127)
    1 0.994(-0.006)
    4 3.645(-0.355)
    5 4.725(-0.275)
    4 3.936(-0.064)
    4 3.988(-0.012)
    5 5.000(0.000)
    5 4.942(-0.058)
    5 5.000(0.000)
    5 5.000(0.000)
    5 4.856(-0.144)
    5 4.806(-0.194)
    5 4.601(-0.399)
    3 3.213(0.213)
    4 3.926(-0.074)
    5 4.873(-0.127)
    5 5.000(0.000)
    3 2.919(-0.081)
    1 0.975(-0.025)
    4 4.033(0.033)
    4 4.064(0.064)
    3 3.310(0.310)
    5 4.438(-0.562)
    4 4.044(0.044)
    5 4.367(-0.633)
    5 4.713(-0.287)
    5 4.963(-0.037)
    5 4.030(-0.970)
    5 4.744(-0.256)
    5 4.533(-0.467)
    1 1.934(0.934)
    5 4.079(-0.921)
    1 1.411(0.411)
    5 4.660(-0.340)
    5 5.000(0.000)
    5 4.582(-0.418)
    5 5.000(0.000)
    5 4.962(-0.038)
    5 4.637(-0.363)
    5 5.000(0.000)
    5 5.000(0.000)
    5 4.760(-0.240)
    5 4.874(-0.126)
    1 0.995(-0.005)
    1 1.042(0.042)
    4 3.948(-0.052)
    5 5.000(0.000)
    5 5.000(0.000)
    5 5.000(0.000)
    4 4.023(0.023)
    4 3.962(-0.038)
    2 2.033(0.033)
    4 4.020(0.020)
    4 4.018(0.018)
    5 5.000(0.000)
    5 5.000(0.000)
    4 4.077(0.077)
    5 4.720(-0.280)
    5 4.419(-0.581)
    1 0.995(-0.005)
    4 3.979(-0.021)
    5 5.000(0.000)
    5 4.903(-0.097)
    5 5.000(0.000)
    5 4.980(-0.020)
    4 3.922(-0.078)
    2 2.298(0.298)
    4 3.907(-0.093)
    4 4.065(0.065)
    5 5.000(0.000)
    4 4.024(0.024)
    3 2.963(-0.037)
    4 3.948(-0.052)
    4 4.076(0.076)
    2 2.545(0.545)
    5 4.899(-0.101)
    3 3.293(0.293)
    3 2.890(-0.110)
    2 2.046(0.046)
    2 2.000(0.000)
    5 4.762(-0.238)
    3 3.010(0.010)
    2 2.376(0.376)
    5 5.000(0.000)
    1 0.991(-0.009)
    1 0.984(-0.016)
    1 1.004(0.004)
    5 5.000(0.000)
    4 3.910(-0.090)
    1 1.579(0.579)
    1 0.991(-0.009)
    1 0.997(-0.003)
    4 4.102(0.102)
    4 4.007(0.007)
    4 4.005(0.005)
    4 3.798(-0.202)
    3 2.913(-0.087)
    5 5.000(0.000)
    4 4.020(0.020)
    4 3.926(-0.074)
    4 4.051(0.051)
    4 3.622(-0.378)
    5 5.000(0.000)
    3 3.146(0.146)
    5 5.000(0.000)
    5 5.000(0.000)
    1 0.991(-0.009)
    5 5.000(0.000)
    5 5.000(0.000)
    5 5.000(0.000)
    5 4.637(-0.363)
    5 4.620(-0.380)
    5 5.000(0.000)
    5 5.000(0.000)
    5 5.000(0.000)
    5 4.641(-0.359)
    5 5.000(0.000)
    5 4.852(-0.148)
    5 4.932(-0.068)
    4 4.075(0.075)
    3 2.974(-0.026)
    1 1.388(0.388)
    1 1.067(0.067)
    1 1.152(0.152)
    5 4.184(-0.816)
    3 3.018(0.018)
    5 4.706(-0.294)
    4 4.054(0.054)
    5 5.000(0.000)
    5 4.659(-0.341)
    5 4.383(-0.617)
    5 4.641(-0.359)
    3 3.124(0.124)
    4 3.911(-0.089)
    2 2.021(0.021)
    5 5.000(0.000)
    5 4.809(-0.191)
    5 4.922(-0.078)
    5 4.693(-0.307)
    1 0.993(-0.007)
    4 3.887(-0.113)
    2 1.939(-0.061)
    4 4.082(0.082)
    2 2.148(0.148)
    5 5.000(0.000)
    5 5.000(0.000)
    4 4.024(0.024)
    5 4.860(-0.140)
    3 3.084(0.084)
    5 4.977(-0.023)
    5 4.872(-0.128)
    4 3.841(-0.159)
    5 5.000(0.000)
    1 1.006(0.006)
    3 3.151(0.151)
    1 1.599(0.599)
    5 4.796(-0.204)
    4 3.940(-0.060)
    4 3.815(-0.185)
    4 4.049(0.049)
    3 2.999(-0.001)
    4 3.533(-0.467)
    4 3.941(-0.059)
    4 3.828(-0.172)
    3 3.100(0.100)
    1 0.982(-0.018)
    1 1.047(0.047)
    1 0.990(-0.010)
    1 1.024(0.024)
    5 5.000(0.000)
    5 5.000(0.000)
    5 5.000(0.000)
    5 5.000(0.000)
    5 5.000(0.000)
    5 5.000(0.000)
    5 4.412(-0.588)
    4 3.939(-0.061)
    4 3.938(-0.062)
    4 3.965(-0.035)
    3 3.284(0.284)
    2 2.154(0.154)
    4 3.543(-0.457)
    2 2.136(0.136)
    3 3.022(0.022)
    4 3.967(-0.033)
    4 3.895(-0.105)
    1 0.998(-0.002)
    2 2.841(0.841)
    4 4.098(0.098)
    3 3.190(0.190)
    4 4.074(0.074)
    4 4.022(0.022)
    4 3.893(-0.107)
    4 3.998(-0.002)
    4 3.889(-0.111)
    1 1.006(0.006)
    5 4.726(-0.274)
    1 1.335(0.335)
    4 4.055(0.055)
    4 3.986(-0.014)
    4 3.947(-0.053)
    1 1.009(0.009)
    3 2.996(-0.004)
    3 3.111(0.111)
    5 5.000(0.000)
    5 5.000(0.000)
    1 0.991(-0.009)
    5 4.812(-0.188)
    5 4.899(-0.101)
    5 4.675(-0.325)
    5 5.000(0.000)
    5 4.863(-0.137)
    2 2.423(0.423)
    5 5.000(0.000)
    5 4.817(-0.183)
    4 3.881(-0.119)
    5 4.785(-0.215)
    5 5.000(0.000)
    5 5.000(0.000)
    5 4.936(-0.064)
    5 4.773(-0.227)
    3 3.527(0.527)
    1 0.993(-0.007)
    5 4.939(-0.061)
    2 2.066(0.066)
    5 5.000(0.000)
    5 4.795(-0.205)
    2 1.992(-0.008)
    4 3.953(-0.047)
    5 5.000(0.000)
    5 5.000(0.000)
    5 4.447(-0.553)
    4 3.705(-0.295)
    5 4.006(-0.994)
    3 3.157(0.157)
    5 4.785(-0.215)
    4 4.115(0.115)
    5 5.000(0.000)
    5 5.000(0.000)
    4 4.040(0.040)
    5 5.000(0.000)
    5 4.811(-0.189)
    4 4.068(0.068)
    4 4.059(0.059)
    4 3.968(-0.032)
    5 4.621(-0.379)
    5 5.000(0.000)
    5 5.000(0.000)
    5 5.000(0.000)
    5 5.000(0.000)
    4 4.043(0.043)
    4 3.786(-0.214)
    5 5.000(0.000)
    5 4.687(-0.313)
    5 5.000(0.000)
    4 4.088(0.088)
    5 4.688(-0.312)
    1 1.205(0.205)
    1 1.074(0.074)
    5 5.000(0.000)
    5 5.000(0.000)
    5 4.976(-0.024)
    3 3.186(0.186)
    5 4.741(-0.259)
    5 4.325(-0.675)
    4 3.983(-0.017)
    3 3.164(0.164)
    4 4.051(0.051)
    4 3.855(-0.145)
    5 5.000(0.000)
    2 2.154(0.154)
    4 4.058(0.058)
    5 4.439(-0.561)
    5 4.428(-0.572)
    3 3.005(0.005)
    5 5.000(0.000)
    4 3.994(-0.006)
    5 5.000(0.000)
    2 2.317(0.317)
    1 1.006(0.006)
    3 3.112(0.112)
    5 4.933(-0.067)
    2 2.084(0.084)
    4 3.978(-0.022)
    3 3.328(0.328)
    5 4.308(-0.692)
    5 4.586(-0.414)
    1 1.644(0.644)
    1 0.993(-0.007)
    1 0.993(-0.007)
    3 3.042(0.042)
    5 5.000(0.000)
    1 1.525(0.525)
    4 3.854(-0.146)
    5 4.342(-0.658)
    5 4.924(-0.076)
    4 3.832(-0.168)
    4 3.945(-0.055)
    4 4.085(0.085)
    2 2.055(0.055)
    5 4.481(-0.519)
    5 4.811(-0.189)
    4 3.858(-0.142)
    5 4.375(-0.625)
    1 1.234(0.234)
    4 3.974(-0.026)
    5 4.933(-0.067)
    5 5.000(0.000)
    1 0.991(-0.009)
    5 4.900(-0.100)
    2 1.984(-0.016)
    2 1.960(-0.040)
    2 2.168(0.168)
    3 2.995(-0.005)
    3 2.967(-0.033)
    3 3.359(0.359)
    5 5.000(0.000)
    5 5.000(0.000)
    1 1.162(0.162)
    1 1.046(0.046)
    2 2.110(0.110)
    3 3.186(0.186)
    4 3.661(-0.339)
    3 3.286(0.286)
    4 3.876(-0.124)
    5 5.000(0.000)
    5 5.000(0.000)
    5 4.533(-0.467)
    3 3.052(0.052)
    4 3.705(-0.295)
    5 4.285(-0.715)
    5 4.613(-0.387)
    5 4.246(-0.754)
    5 5.000(0.000)
    5 5.000(0.000)
    4 3.991(-0.009)
    5 4.487(-0.513)
    5 4.866(-0.134)
    5 4.526(-0.474)
    3 3.031(0.031)
    5 4.620(-0.380)
    4 4.322(0.322)
    5 5.000(0.000)
    5 4.245(-0.755)
    5 4.640(-0.360)
    4 3.963(-0.037)
    5 5.000(0.000)
    5 5.000(0.000)
    4 3.966(-0.034)
    2 2.262(0.262)
    2 2.673(0.673)
    2 2.476(0.476)
    4 4.060(0.060)
    5 5.000(0.000)
    5 5.000(0.000)
    5 4.923(-0.077)
    5 5.000(0.000)
    5 4.944(-0.056)
    2 2.615(0.615)
    5 4.873(-0.127)
    5 5.000(0.000)
    3 2.977(-0.023)
    5 4.859(-0.141)
    5 5.000(0.000)
    5 5.000(0.000)
    1 1.318(0.318)
    5 4.628(-0.372)
    5 5.000(0.000)
    5 4.521(-0.479)
    4 3.957(-0.043)
    5 4.862(-0.138)
    5 5.000(0.000)
    4 3.845(-0.155)
    4 3.989(-0.011)
    1 1.496(0.496)
    1 1.123(0.123)
    1 1.040(0.040)
    1 1.434(0.434)
    2 2.939(0.939)
    2 2.048(0.048)
    5 4.706(-0.294)
    5 4.654(-0.346)
    5 4.619(-0.381)
    5 5.000(0.000)
    1 1.157(0.157)
    5 4.857(-0.143)
    4 4.027(0.027)
    3 3.021(0.021)
    4 4.050(0.050)
    4 4.000(0.000)
    2 2.011(0.011)
    5 4.735(-0.265)
    4 3.944(-0.056)
    5 4.402(-0.598)
    4 4.003(0.003)
    4 4.018(0.018)
    5 4.741(-0.259)
    4 3.982(-0.018)
    3 3.041(0.041)
    4 4.049(0.049)
    4 3.778(-0.222)
    2 2.367(0.367)
    4 3.932(-0.068)
    2 1.925(-0.075)
    4 3.762(-0.238)
    5 5.000(0.000)
    5 5.000(0.000)
    5 4.945(-0.055)
    5 4.723(-0.277)
    4 3.967(-0.033)
    5 5.000(0.000)
    4 4.097(0.097)
    3 3.059(0.059)
    3 2.988(-0.012)
    4 3.956(-0.044)
    2 2.706(0.706)
    2 2.085(0.085)
    5 5.000(0.000)
    5 5.000(0.000)
    2 2.156(0.156)
    5 5.000(0.000)
    5 4.787(-0.213)
    4 4.022(0.022)
    4 4.090(0.090)
    5 4.846(-0.154)
    5 5.000(0.000)
    4 3.985(-0.015)
    4 4.036(0.036)
    5 5.000(0.000)
    1 1.127(0.127)
    5 5.000(0.000)
    4 3.901(-0.099)
    2 2.268(0.268)
    4 4.005(0.005)
    2 2.082(0.082)
    5 5.000(0.000)
    1 1.423(0.423)
    4 3.988(-0.012)
    4 3.902(-0.098)
    5 4.561(-0.439)
    4 3.982(-0.018)
    5 5.000(0.000)
    4 3.875(-0.125)
    4 3.907(-0.093)
    4 3.802(-0.198)
    4 3.795(-0.205)
    5 4.931(-0.069)
    2 1.801(-0.199)
    3 3.511(0.511)
    4 3.978(-0.022)
    4 3.968(-0.032)
    4 3.932(-0.068)
    4 3.989(-0.011)
    5 5.000(0.000)
    2 2.065(0.065)
    2 2.029(0.029)
    3 3.534(0.534)
    4 3.613(-0.387)
    4 3.656(-0.344)
    4 3.737(-0.263)
    4 4.028(0.028)
    2 2.622(0.622)
    3 3.043(0.043)
    2 2.937(0.937)
    4 3.960(-0.040)
    4 4.041(0.041)
    5 5.000(0.000)
    5 5.000(0.000)
    4 4.124(0.124)
    5 4.660(-0.340)
    5 5.000(0.000)
    5 4.715(-0.285)
    3 3.295(0.295)
    3 2.996(-0.004)
    5 4.969(-0.031)
    4 3.966(-0.034)
    4 3.795(-0.205)
    4 3.935(-0.065)
    5 4.782(-0.218)
    4 3.933(-0.067)
    4 4.086(0.086)
    1 2.669(1.669)
    4 3.914(-0.086)
    5 5.000(0.000)
    2 1.990(-0.010)
    1 1.263(0.263)
    1 1.049(0.049)
    5 5.000(0.000)
    1 0.991(-0.009)
    1 1.467(0.467)
    1 1.281(0.281)
    1 1.435(0.435)
    1 1.122(0.122)
    1 1.379(0.379)
    1 1.823(0.823)
    5 4.930(-0.070)
    4 4.064(0.064)
    5 5.000(0.000)
    5 5.000(0.000)
    5 5.000(0.000)
    5 5.000(0.000)
    2 2.018(0.018)
    3 2.965(-0.035)
    4 3.894(-0.106)
    5 4.313(-0.687)
    3 3.181(0.181)
    3 2.884(-0.116)
    3 3.040(0.040)
    3 2.995(-0.005)
    3 2.938(-0.062)
    3 3.024(0.024)
    1 1.013(0.013)
    1 1.050(0.050)
    2 2.227(0.227)
    3 2.891(-0.109)
    2 2.015(0.015)
    2 2.040(0.040)
    5 5.000(0.000)
    5 5.000(0.000)
    5 5.000(0.000)
    4 3.991(-0.009)
    5 5.000(0.000)
    5 5.000(0.000)
    5 4.945(-0.055)
    1 0.986(-0.014)
    1 0.985(-0.015)
    1 1.074(0.074)
    1 0.985(-0.015)
    1 1.004(0.004)
    1 0.960(-0.040)
    1 0.968(-0.032)
    1 0.987(-0.013)
    1 1.036(0.036)
    1 1.430(0.430)
    1 1.220(0.220)
    1 1.021(0.021)
    1 0.980(-0.020)
    1 0.985(-0.015)
    1 1.232(0.232)
    5 4.414(-0.586)
    4 3.594(-0.406)
    5 5.000(0.000)
    3 3.315(0.315)
    3 3.364(0.364)
    5 4.792(-0.208)
    5 4.679(-0.321)
    2 2.015(0.015)
    4 3.958(-0.042)
    5 4.604(-0.396)
    5 4.071(-0.929)
    3 3.172(0.172)
    2 2.662(0.662)
    5 5.000(0.000)
    5 5.000(0.000)
    5 5.000(0.000)
    5 5.000(0.000)
    2 2.416(0.416)
    1 0.988(-0.012)
    1 1.187(0.187)
    1 1.394(0.394)
    1 1.268(0.268)
    4 3.693(-0.307)
    3 2.986(-0.014)
    5 3.986(-1.014)
    4 3.577(-0.423)
    5 4.892(-0.108)
    3 2.975(-0.025)
    1 1.917(0.917)
    1 1.022(0.022)
    1 1.204(0.204)
    1 1.031(0.031)
    1 1.861(0.861)
    1 2.160(1.160)
    1 1.725(0.725)
    5 4.725(-0.275)
    5 4.872(-0.128)
    2 2.109(0.109)
    1 1.010(0.010)
    3 3.144(0.144)
    3 3.049(0.049)
    5 5.000(0.000)
    5 4.976(-0.024)
    5 5.000(0.000)
    5 5.000(0.000)
    2 2.119(0.119)
    5 4.669(-0.331)
    5 5.000(0.000)
    1 0.998(-0.002)
    2 2.000(0.000)
    2 2.001(0.001)
    5 4.660(-0.340)
    1 1.497(0.497)
    5 4.887(-0.113)
    5 5.000(0.000)
    4 3.769(-0.231)
    5 4.678(-0.322)
    5 4.894(-0.106)
    5 4.918(-0.082)
    5 4.979(-0.021)
    5 4.479(-0.521)
    1 1.203(0.203)
    2 2.001(0.001)
    5 4.430(-0.570)
    5 4.773(-0.227)
    5 4.491(-0.509)
    5 4.228(-0.772)
    3 3.112(0.112)
    4 3.950(-0.050)
    1 1.061(0.061)
    5 5.000(0.000)
    5 5.000(0.000)
    3 3.172(0.172)
    2 2.095(0.095)
    1 1.005(0.005)
    1 1.002(0.002)
    5 4.974(-0.026)
    5 4.870(-0.130)
    5 4.984(-0.016)
    2 2.398(0.398)
    4 3.981(-0.019)
    3 3.026(0.026)
    1 1.102(0.102)
    5 4.754(-0.246)
    5 4.580(-0.420)
    4 3.528(-0.472)
    5 4.867(-0.133)
    5 4.842(-0.158)
    5 4.383(-0.617)
    5 4.258(-0.742)
    4 4.004(0.004)
    5 4.544(-0.456)
    4 4.126(0.126)
    4 4.016(0.016)
    4 3.908(-0.092)
    1 1.854(0.854)
    4 4.001(0.001)
    5 4.968(-0.032)
    5 5.000(0.000)
    5 5.000(0.000)
    4 3.755(-0.245)
    5 5.000(0.000)
    4 4.006(0.006)
    5 4.856(-0.144)
    4 4.016(0.016)
    4 3.949(-0.051)
    4 4.080(0.080)
    1 1.091(0.091)
    1 1.356(0.356)
    1 1.387(0.387)
    1 0.998(-0.002)
    1 1.320(0.320)
    1 1.105(0.105)
    1 1.202(0.202)
    4 4.027(0.027)
    4 3.924(-0.076)
    4 3.941(-0.059)
    4 3.922(-0.078)
    5 5.000(0.000)
    5 5.000(0.000)
    5 4.917(-0.083)
    4 3.823(-0.177)
    5 4.980(-0.020)
    5 5.000(0.000)
    5 4.303(-0.697)
    5 5.000(0.000)
    5 4.828(-0.172)
    2 2.279(0.279)
    1 1.284(0.284)
    5 4.370(-0.630)
    3 3.105(0.105)
    3 2.903(-0.097)
    5 5.000(0.000)
    4 3.970(-0.030)
    5 5.000(0.000)
    5 5.000(0.000)
    5 4.781(-0.219)
    5 4.733(-0.267)
    5 4.777(-0.223)
    5 4.643(-0.357)
    4 4.060(0.060)
    5 4.680(-0.320)
    5 4.736(-0.264)
    5 4.317(-0.683)
    5 4.099(-0.901)
    5 5.000(0.000)
    5 4.844(-0.156)
    4 4.031(0.031)
    3 3.055(0.055)
    2 1.998(-0.002)
    5 4.826(-0.174)
    5 5.000(0.000)
    5 5.000(0.000)
    5 5.000(0.000)
    1 1.135(0.135)
    5 4.870(-0.130)
    5 5.000(0.000)
    4 3.805(-0.195)
    3 3.092(0.092)
    4 3.982(-0.018)
    4 3.988(-0.012)
    4 3.820(-0.180)
    4 4.034(0.034)
    5 5.000(0.000)
    5 5.000(0.000)
    5 5.000(0.000)
    1 0.996(-0.004)
    1 1.005(0.005)
    5 4.814(-0.186)
    4 3.970(-0.030)
    3 3.069(0.069)
    1 0.997(-0.003)
    1 0.999(-0.001)
    1 1.126(0.126)
    4 4.041(0.041)
    5 4.791(-0.209)
    5 5.000(0.000)
    5 5.000(0.000)
    4 3.994(-0.006)
    3 3.097(0.097)
    4 4.056(0.056)
    4 4.166(0.166)
    5 4.987(-0.013)
    4 3.930(-0.070)
    4 3.779(-0.221)
    4 4.044(0.044)
    4 4.002(0.002)
    5 4.384(-0.616)
    3 3.040(0.040)
    5 4.975(-0.025)
    4 3.993(-0.007)
    4 3.834(-0.166)
    5 4.711(-0.289)
    4 3.893(-0.107)
    1 1.163(0.163)
    2 2.374(0.374)
    2 1.942(-0.058)
    4 3.808(-0.192)
    5 4.744(-0.256)
    4 4.041(0.041)
    2 2.933(0.933)
    5 4.639(-0.361)
    5 4.884(-0.116)
    4 3.799(-0.201)
    3 3.155(0.155)
    5 5.000(0.000)
    5 5.000(0.000)
    3 3.004(0.004)
    4 3.948(-0.052)
    4 4.025(0.025)
    4 3.959(-0.041)
    4 4.029(0.029)
    4 4.051(0.051)
    5 4.652(-0.348)
    1 1.354(0.354)
    5 4.468(-0.532)
    5 4.984(-0.016)
    5 5.000(0.000)
    3 3.252(0.252)
    3 3.205(0.205)
    3 3.043(0.043)
    5 5.000(0.000)
    5 5.000(0.000)
    4 3.953(-0.047)
    2 2.896(0.896)
    5 5.000(0.000)
    1 1.191(0.191)
    5 5.000(0.000)
    5 5.000(0.000)
    4 4.211(0.211)
    5 4.723(-0.277)
    1 0.991(-0.009)
    1 1.005(0.005)
    4 4.026(0.026)
    5 4.713(-0.287)
    4 4.073(0.073)
    4 3.995(-0.005)
    4 3.979(-0.021)
    2 2.017(0.017)
    2 2.059(0.059)
    1 1.003(0.003)
    1 1.002(0.002)
    1 0.995(-0.005)
    5 4.793(-0.207)
    4 3.935(-0.065)
    4 4.120(0.120)
    5 5.000(0.000)
    5 4.769(-0.231)
    5 4.250(-0.750)
    2 2.045(0.045)
    5 4.793(-0.207)
    3 2.887(-0.113)
    4 3.848(-0.152)
    4 4.127(0.127)
    4 3.785(-0.215)
    5 4.979(-0.021)
    5 5.000(0.000)
    4 3.539(-0.461)
    4 4.059(0.059)
    4 4.054(0.054)
    4 4.076(0.076)
    1 0.987(-0.013)
    2 1.974(-0.026)
    5 4.727(-0.273)
    3 2.843(-0.157)
    2 1.998(-0.002)
    5 4.901(-0.099)
    4 3.899(-0.101)
    5 4.805(-0.195)
    5 3.838(-1.162)
    2 2.312(0.312)
    4 3.972(-0.028)
    5 4.865(-0.135)
    4 4.051(0.051)
    1 1.350(0.350)
    4 4.055(0.055)
    5 4.867(-0.133)
    3 3.091(0.091)
    1 1.555(0.555)
    5 4.678(-0.322)
    5 4.986(-0.014)
    4 4.208(0.208)
    1 0.996(-0.004)
    1 1.984(0.984)
    4 3.887(-0.113)
    4 3.984(-0.016)
    2 1.993(-0.007)
    1 1.070(0.070)
    5 4.255(-0.745)
    4 3.971(-0.029)
    4 4.059(0.059)
    5 5.000(0.000)
    4 3.953(-0.047)
    1 1.000(0.000)
    1 1.151(0.151)
    5 4.594(-0.406)
    5 5.000(0.000)
    5 4.945(-0.055)
    1 1.261(0.261)
    4 3.974(-0.026)
    5 5.000(0.000)
    4 3.939(-0.061)
    5 5.000(0.000)
    5 5.000(0.000)
    5 5.000(0.000)
    5 5.000(0.000)
    3 2.966(-0.034)
    1 2.301(1.301)
    3 3.006(0.006)
    4 3.750(-0.250)
    1 1.273(0.273)
    5 5.000(0.000)
    4 3.967(-0.033)
    4 3.792(-0.208)
    5 5.000(0.000)
    5 5.000(0.000)
    1 1.718(0.718)
    3 2.981(-0.019)
    5 4.797(-0.203)
    5 5.000(0.000)
    4 4.085(0.085)
    4 4.071(0.071)
    1 0.948(-0.052)
    5 4.708(-0.292)
    1 0.992(-0.008)
    5 4.238(-0.762)
    5 4.373(-0.627)
    5 4.631(-0.369)
    5 4.961(-0.039)
    5 4.977(-0.023)
    5 4.995(-0.005)
    3 3.186(0.186)
    3 3.006(0.006)
    4 3.860(-0.140)
    4 3.905(-0.095)
    5 5.000(0.000)
    4 3.952(-0.048)
    4 3.992(-0.008)
    4 3.983(-0.017)
    3 2.988(-0.012)
    2 2.222(0.222)
    3 3.300(0.300)
    3 2.993(-0.007)
    4 4.085(0.085)
    1 0.995(-0.005)
    2 2.413(0.413)
    4 3.947(-0.053)
    1 1.631(0.631)
    2 2.114(0.114)
    5 5.000(0.000)
    5 5.000(0.000)
    5 5.000(0.000)
    4 3.996(-0.004)
    5 4.280(-0.720)
    3 3.432(0.432)
    3 3.055(0.055)
    5 5.000(0.000)
    2 1.993(-0.007)
    5 4.364(-0.636)
    2 2.229(0.229)
    3 2.850(-0.150)
    4 3.932(-0.068)
    5 4.807(-0.193)
    5 4.843(-0.157)
    4 3.937(-0.063)
    4 4.081(0.081)
    1 1.009(0.009)
    4 3.914(-0.086)
    5 5.000(0.000)
    3 2.998(-0.002)
    5 5.000(0.000)
    5 5.000(0.000)
    4 3.895(-0.105)
    4 4.053(0.053)
    5 5.000(0.000)
    3 2.962(-0.038)
    5 4.255(-0.745)
    2 2.180(0.180)
    4 3.891(-0.109)
    1 0.995(-0.005)
    4 4.032(0.032)
    4 3.986(-0.014)
    5 4.973(-0.027)
    4 4.043(0.043)
    5 4.389(-0.611)
    4 3.915(-0.085)
    4 4.080(0.080)
    4 3.838(-0.162)
    4 3.944(-0.056)
    4 3.800(-0.200)
    2 2.030(0.030)
    2 2.788(0.788)
    2 3.443(1.443)
    4 3.977(-0.023)
    3 2.937(-0.063)
    1 0.968(-0.032)
    5 5.000(0.000)
    5 5.000(0.000)
    4 4.076(0.076)
    4 4.150(0.150)
    4 3.982(-0.018)
    4 3.971(-0.029)
    4 3.953(-0.047)
    5 4.565(-0.435)
    5 4.378(-0.622)
    4 3.987(-0.013)
    4 3.904(-0.096)
    4 3.927(-0.073)
    4 3.825(-0.175)
    4 3.791(-0.209)
    2 2.419(0.419)
    2 2.061(0.061)
    3 2.987(-0.013)
    5 5.000(0.000)
    5 4.759(-0.241)
    5 4.864(-0.136)
    4 3.988(-0.012)
    2 2.177(0.177)
    2 2.077(0.077)
    5 4.813(-0.187)
    5 4.880(-0.120)
    5 4.472(-0.528)

Average Error: 0.161
Correlation: 0.985
Inversion Count: 885
