    4 4.329(0.329)
    1 1.816(0.816)
    1 1.896(0.896)
    1 1.747(0.747)
    5 5.000(0.000)
    5 5.000(0.000)
    4 3.813(-0.187)
    2 2.386(0.386)
    5 5.000(0.000)
    5 4.578(-0.422)
    5 4.035(-0.965)
    5 4.667(-0.333)
    5 4.854(-0.146)
    5 4.916(-0.084)
    5 4.642(-0.358)
    5 4.276(-0.724)
    5 4.703(-0.297)
    5 4.567(-0.433)
    5 4.452(-0.548)
    5 4.893(-0.107)
    5 4.681(-0.319)
    1 1.010(0.010)
    5 4.361(-0.639)
    5 4.901(-0.099)
    5 5.000(0.000)
    5 4.501(-0.499)
    5 4.938(-0.062)
    4 4.001(0.001)
    5 4.148(-0.852)
    5 4.933(-0.067)
    5 4.747(-0.253)
    5 4.706(-0.294)
    5 5.000(0.000)
    5 4.750(-0.250)
    5 4.657(-0.343)
    5 4.790(-0.210)
    4 3.812(-0.188)
    5 4.074(-0.926)
    5 4.405(-0.595)
    4 3.997(-0.003)
    1 1.489(0.489)
    2 2.526(0.526)
    5 4.443(-0.557)
    4 4.100(0.100)
    2 2.379(0.379)
    3 3.253(0.253)
    4 3.997(-0.003)
    3 2.922(-0.078)
    2 1.921(-0.079)
    5 5.000(0.000)
    5 5.000(0.000)
    5 5.000(0.000)
    5 5.000(0.000)
    5 4.939(-0.061)
    5 4.379(-0.621)
    5 5.000(0.000)
    1 1.261(0.261)
    4 3.805(-0.195)
    5 4.644(-0.356)
    5 4.708(-0.292)
    5 4.466(-0.534)
    4 3.863(-0.137)
    5 5.000(0.000)
    5 4.969(-0.031)
    5 5.000(0.000)
    5 5.000(0.000)
    4 3.790(-0.210)
    4 4.100(0.100)
    4 4.017(0.017)
    4 4.028(0.028)
    5 4.733(-0.267)
    5 3.837(-1.163)
    5 5.000(0.000)
    1 1.302(0.302)
    4 3.941(-0.059)
    4 4.020(0.020)
    2 2.713(0.713)
    1 1.352(0.352)
    1 0.969(-0.031)
    4 4.065(0.065)
    5 4.654(-0.346)
    5 4.787(-0.213)
    5 4.127(-0.873)
    3 3.331(0.331)
    3 3.276(0.276)
    3 3.054(0.054)
    4 3.965(-0.035)
    4 3.906(-0.094)
    4 4.021(0.021)
    4 4.072(0.072)
    5 5.000(0.000)
    5 4.563(-0.437)
    3 3.197(0.197)
    5 4.705(-0.295)
    4 3.968(-0.032)
    4 3.909(-0.091)
    4 3.948(-0.052)
    3 3.412(0.412)
    1 0.990(-0.010)
    4 3.994(-0.006)
    5 4.546(-0.454)
    1 1.694(0.694)
    3 2.851(-0.149)
    3 3.075(0.075)
    5 4.132(-0.868)
    4 4.087(0.087)
    4 3.993(-0.007)
    4 3.918(-0.082)
    4 3.990(-0.010)
    4 4.001(0.001)
    4 4.241(0.241)
    5 4.287(-0.713)
    3 3.060(0.060)
    4 3.999(-0.001)
    1 1.410(0.410)
    2 2.085(0.085)
    3 3.098(0.098)
    5 5.000(0.000)
    4 4.143(0.143)
    5 3.745(-1.255)
    5 4.534(-0.466)
    4 4.081(0.081)
    3 3.289(0.289)
    3 3.194(0.194)
    5 4.368(-0.632)
    5 5.000(0.000)
    5 5.000(0.000)
    5 5.000(0.000)
    5 5.000(0.000)
    1 1.001(0.001)
    5 4.694(-0.306)
    5 5.000(0.000)
    5 5.000(0.000)
    5 5.000(0.000)
    5 5.000(0.000)
    5 5.000(0.000)
    5 5.000(0.000)
    4 4.006(0.006)
    4 4.007(0.007)
    5 4.802(-0.198)
    5 5.000(0.000)
    1 1.663(0.663)
    1 1.699(0.699)
    5 4.958(-0.042)
    5 4.203(-0.797)
    5 5.000(0.000)
    5 5.000(0.000)
    4 4.040(0.040)
    3 3.318(0.318)
    5 4.951(-0.049)
    5 5.000(0.000)
    2 2.576(0.576)
    5 5.000(0.000)
    2 2.121(0.121)
    3 3.056(0.056)
    2 2.861(0.861)
    4 3.737(-0.263)
    3 3.150(0.150)
    5 4.363(-0.637)
    4 3.846(-0.154)
    4 4.011(0.011)
    2 2.727(0.727)
    1 1.693(0.693)
    5 4.898(-0.102)
    5 5.000(0.000)
    1 1.388(0.388)
    1 1.363(0.363)
    3 3.030(0.030)
    3 3.003(0.003)
    4 3.979(-0.021)
    5 5.000(0.000)
    1 1.005(0.005)
    3 3.421(0.421)
    3 3.069(0.069)
    3 2.938(-0.062)
    5 5.000(0.000)
    5 4.790(-0.210)
    5 5.000(0.000)
    4 3.952(-0.048)
    3 3.085(0.085)
    5 5.000(0.000)
    5 5.000(0.000)
    3 3.338(0.338)
    4 3.795(-0.205)
    2 2.607(0.607)
    5 5.000(0.000)
    5 5.000(0.000)
    3 2.956(-0.044)
    2 2.278(0.278)
    4 4.054(0.054)
    5 5.000(0.000)
    5 5.000(0.000)
    4 3.798(-0.202)
    1 1.582(0.582)
    1 1.418(0.418)
    4 4.004(0.004)
    5 4.226(-0.774)
    3 2.955(-0.045)
    4 3.922(-0.078)
    5 4.963(-0.037)
    5 4.131(-0.869)
    5 4.339(-0.661)
    4 3.691(-0.309)
    3 3.434(0.434)
    3 2.975(-0.025)
    4 4.047(0.047)
    4 3.965(-0.035)
    4 3.849(-0.151)
    1 1.003(0.003)
    5 5.000(0.000)
    5 4.214(-0.786)
    5 5.000(0.000)
    4 3.720(-0.280)
    5 4.689(-0.311)
    4 4.122(0.122)
    5 4.103(-0.897)
    5 4.194(-0.806)
    5 5.000(0.000)
    5 5.000(0.000)
    1 1.415(0.415)
    2 2.629(0.629)
    4 4.051(0.051)
    5 4.366(-0.634)
    5 4.602(-0.398)
    2 2.207(0.207)
    5 4.937(-0.063)
    1 1.009(0.009)
    4 3.936(-0.064)
    1 1.002(0.002)
    1 0.999(-0.001)
    4 3.659(-0.341)
    2 2.002(0.002)
    4 3.981(-0.019)
    2 2.251(0.251)
    5 5.000(0.000)
    2 2.727(0.727)
    4 3.900(-0.100)
    4 3.936(-0.064)
    4 3.945(-0.055)
    5 4.517(-0.483)
    5 4.756(-0.244)
    5 4.489(-0.511)
    5 4.690(-0.310)
    3 3.263(0.263)
    4 3.958(-0.042)
    3 3.039(0.039)
    4 4.028(0.028)
    3 3.398(0.398)
    5 5.000(0.000)
    5 4.641(-0.359)
    4 4.044(0.044)
    4 3.765(-0.235)
    4 4.133(0.133)
    4 3.981(-0.019)
    1 1.412(0.412)
    4 3.795(-0.205)
    5 5.000(0.000)
    1 1.042(0.042)
    5 5.000(0.000)
    1 1.124(0.124)
    1 1.831(0.831)
    1 1.293(0.293)
    5 5.000(0.000)
    5 4.769(-0.231)
    3 3.049(0.049)
    5 4.511(-0.489)
    5 5.000(0.000)
    5 4.456(-0.544)
    5 4.553(-0.447)
    5 4.544(-0.456)
    5 4.534(-0.466)
    5 4.319(-0.681)
    5 5.000(0.000)
    4 3.988(-0.012)
    5 4.726(-0.274)
    5 4.885(-0.115)
    5 4.719(-0.281)
    3 3.332(0.332)
    5 4.951(-0.049)
    5 4.574(-0.426)
    5 4.979(-0.021)
    5 5.000(0.000)
    4 3.928(-0.072)
    4 4.063(0.063)
    4 3.950(-0.050)
    5 4.539(-0.461)
    5 4.729(-0.271)
    5 4.578(-0.422)
    5 5.000(0.000)
    5 5.000(0.000)
    4 3.430(-0.570)
    4 4.043(0.043)
    4 4.013(0.013)
    5 4.902(-0.098)
    5 4.581(-0.419)
    3 2.921(-0.079)
    2 2.106(0.106)
    4 3.878(-0.122)
    5 5.000(0.000)
    5 5.000(0.000)
    5 5.000(0.000)
    5 4.976(-0.024)
    5 5.000(0.000)
    5 5.000(0.000)
    4 3.909(-0.091)
    5 4.671(-0.329)
    2 2.130(0.130)
    5 4.610(-0.390)
    5 4.436(-0.564)
    3 3.298(0.298)
    2 2.032(0.032)
    4 3.925(-0.075)
    4 3.835(-0.165)
    2 2.342(0.342)
    2 2.016(0.016)
    1 1.236(0.236)
    1 1.596(0.596)
    5 4.798(-0.202)
    2 2.025(0.025)
    1 1.586(0.586)
    4 3.930(-0.070)
    5 4.938(-0.062)
    4 3.698(-0.302)
    5 4.744(-0.256)
    5 4.609(-0.391)
    1 0.996(-0.004)
    1 1.010(0.010)
    1 1.001(0.001)
    1 1.006(0.006)
    3 2.812(-0.188)
    4 3.886(-0.114)
    4 3.920(-0.080)
    4 4.064(0.064)
    4 4.061(0.061)
    4 3.937(-0.063)
    5 4.773(-0.227)
    5 4.733(-0.267)
    4 3.986(-0.014)
    3 2.939(-0.061)
    1 1.437(0.437)
    1 1.145(0.145)
    1 1.197(0.197)
    1 1.016(0.016)
    1 1.289(0.289)
    1 0.982(-0.018)
    1 1.356(0.356)
    5 4.485(-0.515)
    4 3.931(-0.069)
    4 4.022(0.022)
    3 3.008(0.008)
    5 4.124(-0.876)
    5 4.884(-0.116)
    5 4.890(-0.110)
    5 4.661(-0.339)
    5 4.793(-0.207)
    4 4.009(0.009)
    4 3.891(-0.109)
    5 5.000(0.000)
    2 1.932(-0.068)
    5 4.967(-0.033)
    5 5.000(0.000)
    1 0.997(-0.003)
    5 4.589(-0.411)
    5 4.728(-0.272)
    4 3.944(-0.056)
    4 4.041(0.041)
    5 5.000(0.000)
    5 5.000(0.000)
    5 5.000(0.000)
    5 5.000(0.000)
    5 5.000(0.000)
    5 5.000(0.000)
    4 4.039(0.039)
    5 5.000(0.000)
    1 1.362(0.362)
    4 3.943(-0.057)
    3 3.312(0.312)
    4 3.896(-0.104)
    5 5.000(0.000)
    5 5.000(0.000)
    4 3.790(-0.210)
    3 3.011(0.011)
    1 1.235(0.235)
    5 5.000(0.000)
    5 4.936(-0.064)
    5 4.634(-0.366)
    4 3.884(-0.116)
    4 3.944(-0.056)
    5 5.000(0.000)
    5 5.000(0.000)
    5 5.000(0.000)
    5 5.000(0.000)
    4 4.015(0.015)
    1 0.985(-0.015)
    3 2.998(-0.002)
    5 5.000(0.000)
    1 1.249(0.249)
    1 1.239(0.239)
    4 3.848(-0.152)
    4 3.933(-0.067)
    4 3.931(-0.069)
    4 4.026(0.026)
    5 5.000(0.000)
    5 5.000(0.000)
    5 4.957(-0.043)
    1 0.983(-0.017)
    5 5.000(0.000)
    5 5.000(0.000)
    5 5.000(0.000)
    4 4.016(0.016)
    4 4.008(0.008)
    4 3.745(-0.255)
    3 3.006(0.006)
    3 2.972(-0.028)
    3 3.245(0.245)
    2 2.103(0.103)
    5 4.632(-0.368)
    4 4.056(0.056)
    5 4.658(-0.342)
    5 5.000(0.000)
    5 4.752(-0.248)
    5 4.986(-0.014)
    1 1.062(0.062)
    5 5.000(0.000)
    5 5.000(0.000)
    5 5.000(0.000)
    1 1.009(0.009)
    5 5.000(0.000)
    5 5.000(0.000)
    4 3.769(-0.231)
    4 4.057(0.057)
    3 2.904(-0.096)
    3 3.084(0.084)
    5 5.000(0.000)
    2 2.113(0.113)
    1 1.198(0.198)
    1 1.722(0.722)
    3 3.001(0.001)
    3 2.961(-0.039)
    2 2.139(0.139)
    1 1.010(0.010)
    1 1.337(0.337)
    4 3.551(-0.449)
    5 4.731(-0.269)
    5 4.720(-0.280)
    4 4.060(0.060)
    4 4.064(0.064)
    5 5.000(0.000)
    5 4.938(-0.062)
    5 4.897(-0.103)
    1 1.000(0.000)
    5 5.000(0.000)
    5 4.534(-0.466)
    5 4.794(-0.206)
    5 5.000(0.000)
    5 4.944(-0.056)
    5 5.000(0.000)
    5 4.418(-0.582)
    5 4.932(-0.068)
    5 5.000(0.000)
    5 5.000(0.000)
    4 3.916(-0.084)
    1 0.985(-0.015)
    4 3.703(-0.297)
    3 3.030(0.030)
    5 4.816(-0.184)
    5 4.379(-0.621)
    5 4.628(-0.372)
    2 1.950(-0.050)
    5 4.789(-0.211)
    5 5.000(0.000)
    1 1.584(0.584)
    1 2.378(1.378)
    5 4.623(-0.377)
    5 5.000(0.000)
    4 4.036(0.036)
    3 2.995(-0.005)
    4 4.001(0.001)
    3 3.318(0.318)
    5 5.000(0.000)
    3 3.530(0.530)
    4 4.054(0.054)
    2 2.455(0.455)
    1 1.518(0.518)
    1 1.007(0.007)
    1 1.003(0.003)
    1 1.000(0.000)
    5 4.249(-0.751)
    5 5.000(0.000)
    3 2.946(-0.054)
    4 3.834(-0.166)
    5 4.734(-0.266)
    5 5.000(0.000)
    5 4.787(-0.213)
    5 5.000(0.000)
    5 5.000(0.000)
    5 5.000(0.000)
    2 2.253(0.253)
    4 4.083(0.083)
    3 3.055(0.055)
    3 3.031(0.031)
    5 4.570(-0.430)
    1 1.064(0.064)
    4 3.966(-0.034)
    1 3.262(2.262)
    5 4.645(-0.355)
    4 3.912(-0.088)
    4 3.769(-0.231)
    4 3.729(-0.271)
    3 3.342(0.342)
    2 2.527(0.527)
    5 4.625(-0.375)
    1 1.103(0.103)
    3 3.049(0.049)
    5 5.000(0.000)
    4 4.097(0.097)
    2 2.323(0.323)
    1 1.645(0.645)
    4 3.993(-0.007)
    3 3.065(0.065)
    2 2.248(0.248)
    5 4.825(-0.175)
    5 4.934(-0.066)
    5 4.887(-0.113)
    5 5.000(0.000)
    5 5.000(0.000)
    5 5.000(0.000)
    1 1.245(0.245)
    1 1.275(0.275)
    3 3.029(0.029)
    4 3.913(-0.087)
    4 3.875(-0.125)
    1 0.963(-0.037)
    1 0.993(-0.007)
    5 4.373(-0.627)
    4 4.053(0.053)
    2 2.051(0.051)
    4 3.885(-0.115)
    1 2.415(1.415)
    3 2.929(-0.071)
    3 2.915(-0.085)
    5 4.888(-0.112)
    2 2.344(0.344)
    5 5.000(0.000)
    5 5.000(0.000)
    5 4.491(-0.509)
    1 1.504(0.504)
    4 4.007(0.007)
    4 4.727(0.727)
    1 0.992(-0.008)
    1 0.991(-0.009)
    1 0.983(-0.017)
    1 0.979(-0.021)
    1 0.995(-0.005)
    1 1.265(0.265)
    4 3.691(-0.309)
    4 3.974(-0.026)
    5 5.000(0.000)
    2 2.270(0.270)
    1 1.004(0.004)
    1 0.980(-0.020)
    5 5.000(0.000)
    3 3.086(0.086)
    4 3.947(-0.053)
    5 5.000(0.000)
    5 4.665(-0.335)
    3 3.054(0.054)
    3 3.049(0.049)
    5 4.973(-0.027)
    5 4.947(-0.053)
    5 4.851(-0.149)
    3 2.999(-0.001)
    5 4.402(-0.598)
    2 2.006(0.006)
    1 1.125(0.125)
    5 5.000(0.000)
    4 4.007(0.007)
    4 4.052(0.052)
    2 2.065(0.065)
    5 5.000(0.000)
    5 5.000(0.000)
    5 4.760(-0.240)
    4 3.865(-0.135)
    4 3.858(-0.142)
    1 1.161(0.161)
    5 5.000(0.000)
    1 1.003(0.003)
    5 5.000(0.000)
    2 2.088(0.088)
    5 4.767(-0.233)
    3 3.250(0.250)
    5 5.000(0.000)
    5 5.000(0.000)
    5 4.142(-0.858)
    2 2.067(0.067)
    4 3.922(-0.078)
    5 5.000(0.000)
    1 1.401(0.401)
    1 1.649(0.649)
    5 5.000(0.000)
    5 4.723(-0.277)
    5 4.134(-0.866)
    4 3.983(-0.017)
    3 3.021(0.021)
    5 4.355(-0.645)
    4 3.987(-0.013)
    1 0.986(-0.014)
    2 2.139(0.139)
    3 2.992(-0.008)
    4 4.001(0.001)
    2 2.044(0.044)
    5 5.000(0.000)
    5 5.000(0.000)
    5 4.947(-0.053)
    5 4.912(-0.088)
    5 4.574(-0.426)
    4 4.029(0.029)
    4 4.009(0.009)
    5 4.118(-0.882)
    4 3.953(-0.047)
    4 4.082(0.082)
    4 4.000(0.000)
    5 5.000(0.000)
    5 5.000(0.000)
    1 1.884(0.884)
    5 4.941(-0.059)
    4 4.024(0.024)
    5 4.855(-0.145)
    5 5.000(0.000)
    5 5.000(0.000)
    1 1.007(0.007)
    1 0.992(-0.008)
    3 3.027(0.027)
    2 2.021(0.021)
    1 1.008(0.008)
    1 0.987(-0.013)
    4 3.989(-0.011)
    5 5.000(0.000)
    5 5.000(0.000)
    3 3.052(0.052)
    5 5.000(0.000)
    5 5.000(0.000)
    5 5.000(0.000)
    5 4.702(-0.298)
    3 2.958(-0.042)
    1 1.361(0.361)
    1 1.397(0.397)
    5 4.876(-0.124)
    5 4.816(-0.184)
    4 3.978(-0.022)
    4 4.044(0.044)
    4 4.048(0.048)
    4 3.974(-0.026)
    4 4.095(0.095)
    5 4.800(-0.200)
    5 5.000(0.000)
    5 4.680(-0.320)
    5 4.892(-0.108)
    4 3.979(-0.021)
    3 3.124(0.124)
    5 5.000(0.000)
    4 3.745(-0.255)
    4 3.921(-0.079)
    2 1.915(-0.085)
    5 5.000(0.000)
    5 4.772(-0.228)
    4 3.298(-0.702)
    1 1.602(0.602)
    5 4.854(-0.146)
    4 3.880(-0.120)
    5 5.000(0.000)
    5 5.000(0.000)
    5 4.788(-0.212)
    1 1.566(0.566)
    2 2.957(0.957)
    5 4.729(-0.271)
    5 4.562(-0.438)
    4 3.756(-0.244)
    4 4.047(0.047)
    4 4.052(0.052)
    4 3.915(-0.085)
    1 1.177(0.177)
    3 2.973(-0.027)
    5 4.582(-0.418)
    5 5.000(0.000)
    1 1.584(0.584)
    4 3.893(-0.107)
    4 4.050(0.050)
    3 3.245(0.245)
    4 3.672(-0.328)
    3 3.006(0.006)
    4 4.175(0.175)
    5 4.048(-0.952)
    4 3.706(-0.294)
    5 4.872(-0.128)
    3 3.007(0.007)
    4 3.937(-0.063)
    5 3.831(-1.169)
    5 4.421(-0.579)
    4 4.069(0.069)
    1 1.004(0.004)
    4 4.052(0.052)
    5 4.856(-0.144)
    5 4.675(-0.325)
    3 3.035(0.035)
    1 1.417(0.417)
    4 3.724(-0.276)
    1 0.996(-0.004)
    1 1.492(0.492)
    2 2.006(0.006)
    1 0.984(-0.016)
    5 4.385(-0.615)
    4 3.754(-0.246)
    5 5.000(0.000)
    1 0.990(-0.010)
    2 2.158(0.158)
    2 1.964(-0.036)
    5 5.000(0.000)
    4 3.734(-0.266)
    2 2.274(0.274)
    3 3.100(0.100)
    5 4.796(-0.204)
    3 3.060(0.060)
    1 1.507(0.507)
    3 2.766(-0.234)
    5 4.324(-0.676)
    5 4.416(-0.584)
    4 4.064(0.064)
    4 3.618(-0.382)
    4 4.098(0.098)
    1 1.555(0.555)
    3 2.969(-0.031)
    4 3.922(-0.078)
    3 3.276(0.276)
    4 4.001(0.001)
    3 3.042(0.042)
    5 5.000(0.000)
    3 3.031(0.031)
    5 4.684(-0.316)
    5 4.541(-0.459)
    5 5.000(0.000)
    5 4.542(-0.458)
    5 4.979(-0.021)
    2 2.615(0.615)
    5 5.000(0.000)
    3 3.190(0.190)
    5 4.387(-0.613)
    4 3.957(-0.043)
    5 4.141(-0.859)
    5 4.488(-0.512)
    3 3.180(0.180)
    2 2.050(0.050)
    5 5.000(0.000)
    3 3.100(0.100)
    3 2.843(-0.157)
    2 2.108(0.108)
    2 2.527(0.527)
    2 2.764(0.764)
    2 2.319(0.319)
    5 5.000(0.000)
    2 2.133(0.133)
    5 4.570(-0.430)
    3 3.185(0.185)
    5 4.365(-0.635)
    5 5.000(0.000)
    5 5.000(0.000)
    2 2.213(0.213)
    5 4.744(-0.256)
    4 3.920(-0.080)
    1 1.008(0.008)
    2 1.944(-0.056)
    4 3.781(-0.219)
    5 5.000(0.000)
    5 5.000(0.000)
    5 5.000(0.000)
    5 5.000(0.000)
    5 5.000(0.000)
    2 2.410(0.410)
    5 4.922(-0.078)
    5 5.000(0.000)
    4 3.673(-0.327)
    4 3.679(-0.321)
    5 4.934(-0.066)
    3 3.492(0.492)
    3 3.154(0.154)
    2 1.993(-0.007)
    2 2.046(0.046)
    5 4.825(-0.175)
    4 4.084(0.084)
    5 5.000(0.000)
    5 5.000(0.000)
    5 5.000(0.000)
    5 5.000(0.000)
    2 2.160(0.160)
    2 2.491(0.491)
    5 4.499(-0.501)
    5 5.000(0.000)
    5 4.670(-0.330)
    5 4.887(-0.113)
    5 5.000(0.000)
    4 3.978(-0.022)
    4 3.910(-0.090)
    4 3.840(-0.160)
    3 3.430(0.430)
    5 4.335(-0.665)
    5 4.843(-0.157)
    5 4.688(-0.312)
    5 4.942(-0.058)
    5 5.000(0.000)
    4 3.914(-0.086)
    5 5.000(0.000)
    5 5.000(0.000)
    1 1.891(0.891)
    5 4.354(-0.646)
    1 1.172(0.172)
    4 3.883(-0.117)
    1 1.756(0.756)
    1 1.459(0.459)
    5 4.806(-0.194)
    5 5.000(0.000)
    4 4.086(0.086)
    1 1.103(0.103)
    1 1.113(0.113)
    3 2.968(-0.032)
    3 2.918(-0.082)
    4 3.926(-0.074)
    3 3.244(0.244)
    5 5.000(0.000)
    4 4.001(0.001)
    4 4.100(0.100)
    3 3.046(0.046)
    4 4.067(0.067)
    5 5.000(0.000)
    5 4.085(-0.915)
    5 4.394(-0.606)
    5 4.513(-0.487)
    3 3.052(0.052)
    4 4.051(0.051)
    5 5.000(0.000)
    3 3.090(0.090)
    3 3.162(0.162)
    5 4.812(-0.188)
    2 2.370(0.370)
    5 4.684(-0.316)
    5 5.000(0.000)
    5 5.000(0.000)
    4 3.951(-0.049)
    2 2.256(0.256)
    2 2.359(0.359)
    5 3.863(-1.137)
    1 1.883(0.883)
    5 4.175(-0.825)
    5 5.000(0.000)
    4 4.006(0.006)
    4 4.055(0.055)
    4 3.986(-0.014)
    1 0.994(-0.006)
    5 4.759(-0.241)
    5 5.000(0.000)
    5 5.000(0.000)
    5 5.000(0.000)
    1 1.645(0.645)
    1 1.530(0.530)
    5 4.595(-0.405)
    5 4.474(-0.526)
    5 4.818(-0.182)
    5 4.702(-0.298)
    5 4.657(-0.343)
    5 4.897(-0.103)
    5 4.609(-0.391)
    4 4.057(0.057)
    3 2.996(-0.004)
    5 5.000(0.000)
    3 2.880(-0.120)
    5 4.937(-0.063)
    3 2.907(-0.093)
    5 5.000(0.000)
    5 4.781(-0.219)
    2 1.952(-0.048)
    3 3.038(0.038)
    4 3.864(-0.136)
    4 4.266(0.266)
    4 3.909(-0.091)
    5 4.813(-0.187)
    5 4.763(-0.237)
    4 3.916(-0.084)
    5 4.923(-0.077)
    4 3.984(-0.016)
    4 3.637(-0.363)
    4 3.986(-0.014)
    3 3.002(0.002)
    3 3.369(0.369)
    4 4.039(0.039)
    5 5.000(0.000)
    5 4.668(-0.332)
    5 4.748(-0.252)
    4 4.233(0.233)
    4 3.762(-0.238)
    5 4.540(-0.460)
    1 1.003(0.003)
    2 2.279(0.279)
    5 5.000(0.000)
    5 3.811(-1.189)
    4 4.034(0.034)
    3 3.008(0.008)
    3 2.970(-0.030)
    5 4.857(-0.143)
    5 5.000(0.000)
    5 5.000(0.000)
    3 3.018(0.018)
    3 3.335(0.335)
    5 5.000(0.000)
    5 5.000(0.000)
    5 4.848(-0.152)
    4 3.906(-0.094)
    1 1.236(0.236)
    1 1.187(0.187)
    5 4.948(-0.052)
    5 5.000(0.000)
    5 5.000(0.000)
    5 5.000(0.000)
    5 5.000(0.000)
    3 3.382(0.382)
    4 4.020(0.020)
    3 2.904(-0.096)
    1 1.583(0.583)
    1 1.187(0.187)
    4 4.005(0.005)
    4 3.650(-0.350)
    1 1.494(0.494)
    4 4.019(0.019)
    5 4.809(-0.191)
    5 4.676(-0.324)
    2 2.009(0.009)
    3 3.129(0.129)
    1 1.006(0.006)
    5 4.813(-0.187)
    5 4.595(-0.405)
    4 3.865(-0.135)
    5 4.750(-0.250)
    4 4.062(0.062)
    4 4.046(0.046)
    5 3.978(-1.022)
    4 3.962(-0.038)
    4 4.026(0.026)
    5 5.000(0.000)
    3 3.097(0.097)
    4 4.037(0.037)
    5 5.000(0.000)
    3 3.174(0.174)
    2 2.310(0.310)
    5 4.864(-0.136)
    5 4.848(-0.152)
    5 4.942(-0.058)
    4 3.777(-0.223)
    1 0.991(-0.009)
    1 0.999(-0.001)
    4 4.061(0.061)
    5 4.892(-0.108)
    3 2.961(-0.039)
    4 3.480(-0.520)
    5 5.000(0.000)
    5 4.795(-0.205)
    1 1.324(0.324)
    4 4.201(0.201)
    5 4.948(-0.052)
    4 4.040(0.040)
    3 3.165(0.165)
    5 4.713(-0.287)
    4 4.062(0.062)
    3 3.215(0.215)
    1 1.006(0.006)
    5 4.283(-0.717)
    5 4.457(-0.543)
    3 3.295(0.295)
    3 3.190(0.190)
    3 3.065(0.065)
    3 3.255(0.255)
    3 3.055(0.055)
    1 1.638(0.638)
    3 2.996(-0.004)
    5 4.680(-0.320)
    4 3.890(-0.110)
    4 3.848(-0.152)
    2 2.290(0.290)
    2 2.897(0.897)
    4 3.524(-0.476)
    5 5.000(0.000)
    5 4.919(-0.081)
    4 3.738(-0.262)
    5 4.230(-0.770)
    5 5.000(0.000)
    5 4.697(-0.303)
    4 3.800(-0.200)
    5 4.718(-0.282)
    5 4.511(-0.489)
    2 2.177(0.177)
    1 1.275(0.275)
    5 5.000(0.000)
    5 4.515(-0.485)
    5 5.000(0.000)
    5 5.000(0.000)
    5 5.000(0.000)
    5 5.000(0.000)
    5 5.000(0.000)
    5 5.000(0.000)
    3 2.914(-0.086)
    4 3.768(-0.232)
    5 4.718(-0.282)
    4 3.980(-0.020)
    5 5.000(0.000)
    5 5.000(0.000)
    5 5.000(0.000)
    5 5.000(0.000)
    4 3.695(-0.305)
    4 4.090(0.090)
    3 3.297(0.297)
    5 4.930(-0.070)
    5 4.846(-0.154)
    5 5.000(0.000)
    1 1.100(0.100)
    4 3.992(-0.008)
    3 3.436(0.436)
    4 3.907(-0.093)
    1 1.716(0.716)
    2 2.144(0.144)
    5 5.000(0.000)
    5 4.777(-0.223)
    3 3.431(0.431)
    5 5.000(0.000)
    5 4.647(-0.353)
    5 5.000(0.000)
    5 4.777(-0.223)
    4 4.010(0.010)
    4 4.005(0.005)
    4 4.007(0.007)
    4 3.662(-0.338)
    4 4.048(0.048)
    4 4.030(0.030)
    4 3.995(-0.005)
    4 4.040(0.040)
    1 1.008(0.008)
    5 5.000(0.000)
    5 5.000(0.000)
    5 5.000(0.000)
    5 5.000(0.000)
    5 5.000(0.000)
    1 1.001(0.001)
    1 0.911(-0.089)
    1 1.158(0.158)
    5 5.000(0.000)
    2 2.009(0.009)
    5 4.767(-0.233)
    1 1.005(0.005)
    5 5.000(0.000)
    4 4.040(0.040)
    4 4.017(0.017)
    5 5.000(0.000)
    5 5.000(0.000)
    4 3.915(-0.085)
    5 4.863(-0.137)
    4 3.823(-0.177)
    4 3.947(-0.053)
    5 4.229(-0.771)
    3 3.238(0.238)
    4 4.048(0.048)
    1 1.753(0.753)
    1 1.602(0.602)
    2 3.361(1.361)
    2 3.006(1.006)
    4 3.969(-0.031)
    5 4.946(-0.054)
    5 5.000(0.000)
    5 5.000(0.000)
    5 4.699(-0.301)
    4 3.851(-0.149)
    1 1.350(0.350)
    4 3.979(-0.021)
    5 4.779(-0.221)
    2 2.009(0.009)
    5 4.784(-0.216)
    5 5.000(0.000)
    3 3.000(0.000)
    5 4.934(-0.066)
    5 5.000(0.000)
    5 5.000(0.000)
    5 4.778(-0.222)
    5 5.000(0.000)
    5 4.761(-0.239)
    5 5.000(0.000)
    5 4.756(-0.244)
    5 4.863(-0.137)
    5 5.000(0.000)
    5 4.844(-0.156)
    5 4.692(-0.308)
    2 1.772(-0.228)
    5 5.000(0.000)
    4 4.034(0.034)
    4 3.998(-0.002)
    4 3.921(-0.079)
    4 4.024(0.024)
    3 2.932(-0.068)
    5 4.447(-0.553)
    2 2.092(0.092)
    5 4.263(-0.737)
    5 4.536(-0.464)
    2 2.463(0.463)
    4 3.949(-0.051)
    5 5.000(0.000)
    5 4.577(-0.423)
    3 2.957(-0.043)
    4 3.966(-0.034)
    1 1.009(0.009)
    1 1.192(0.192)
    1 1.379(0.379)
    5 5.000(0.000)
    1 1.108(0.108)
    5 4.639(-0.361)
    5 4.767(-0.233)
    4 4.099(0.099)
    5 5.000(0.000)
    5 5.000(0.000)
    5 5.000(0.000)
    4 4.066(0.066)
    3 3.004(0.004)
    4 3.770(-0.230)
    3 3.125(0.125)
    5 4.737(-0.263)
    1 1.458(0.458)
    5 4.355(-0.645)
    2 1.998(-0.002)
    5 4.687(-0.313)
    5 5.000(0.000)
    5 5.000(0.000)
    5 4.959(-0.041)
    4 4.010(0.010)
    3 3.036(0.036)
    4 3.848(-0.152)
    2 1.982(-0.018)
    5 4.461(-0.539)
    5 5.000(0.000)
    5 5.000(0.000)
    5 4.492(-0.508)
    5 4.736(-0.264)
    5 5.000(0.000)
    5 4.946(-0.054)
    1 1.562(0.562)
    1 0.947(-0.053)
    3 2.947(-0.053)
    1 1.186(0.186)
    1 1.159(0.159)
    1 0.984(-0.016)
    4 3.955(-0.045)
    5 5.000(0.000)
    3 3.453(0.453)
    3 3.034(0.034)
    4 4.063(0.063)
    3 3.034(0.034)
    5 5.000(0.000)
    2 2.140(0.140)
    4 3.941(-0.059)
    5 3.952(-1.048)
    4 4.005(0.005)
    4 4.192(0.192)
    1 1.235(0.235)
    4 4.103(0.103)
    4 3.870(-0.130)
    5 4.767(-0.233)
    3 3.098(0.098)
    3 2.837(-0.163)
    5 4.744(-0.256)
    5 5.000(0.000)
    5 4.896(-0.104)
    5 5.000(0.000)
    5 5.000(0.000)
    5 5.000(0.000)
    5 4.978(-0.022)
    4 4.037(0.037)
    5 4.754(-0.246)
    3 2.890(-0.110)
    1 0.997(-0.003)
    5 5.000(0.000)
    2 2.086(0.086)
    3 2.859(-0.141)
    5 5.000(0.000)
    5 5.000(0.000)
    5 4.746(-0.254)
    4 3.981(-0.019)
    5 5.000(0.000)
    4 4.414(0.414)
    5 5.000(0.000)
    5 4.965(-0.035)
    5 5.000(0.000)
    4 4.087(0.087)
    2 1.997(-0.003)
    5 4.462(-0.538)
    5 5.000(0.000)
    2 2.699(0.699)
    4 3.977(-0.023)
    1 0.989(-0.011)
    4 3.820(-0.180)
    1 1.028(0.028)
    5 5.000(0.000)
    4 3.956(-0.044)
    4 3.776(-0.224)
    1 0.995(-0.005)
    5 5.000(0.000)
    1 0.980(-0.020)
    1 1.006(0.006)
    1 0.995(-0.005)
    2 2.086(0.086)
    3 3.242(0.242)
    5 5.000(0.000)
    4 3.764(-0.236)
    3 2.954(-0.046)
    5 4.928(-0.072)
    3 2.970(-0.030)
    3 3.355(0.355)
    3 3.259(0.259)
    3 3.047(0.047)
    1 1.703(0.703)
    5 5.000(0.000)
    5 5.000(0.000)
    5 4.478(-0.522)
    3 2.978(-0.022)
    5 4.499(-0.501)
    5 4.638(-0.362)
    4 4.008(0.008)
    4 4.059(0.059)
    2 2.656(0.656)
    5 4.593(-0.407)
    5 4.683(-0.317)
    5 3.985(-1.015)
    3 3.053(0.053)
    3 3.014(0.014)
    5 4.423(-0.577)
    4 4.036(0.036)
    4 3.836(-0.164)
    5 4.668(-0.332)
    2 2.332(0.332)
    5 4.550(-0.450)
    4 4.055(0.055)
    4 4.064(0.064)
    5 4.847(-0.153)
    5 4.672(-0.328)
    1 1.002(0.002)
    1 1.423(0.423)
    3 2.979(-0.021)
    4 3.904(-0.096)
    5 4.329(-0.671)
    5 4.680(-0.320)
    4 3.906(-0.094)
    3 2.547(-0.453)
    1 1.414(0.414)
    5 4.538(-0.462)
    5 4.911(-0.089)
    5 4.667(-0.333)
    4 3.714(-0.286)
    5 4.947(-0.053)
    5 4.521(-0.479)
    3 3.006(0.006)
    5 5.000(0.000)
    5 4.971(-0.029)
    4 3.923(-0.077)
    4 3.953(-0.047)
    3 3.230(0.230)
    1 1.140(0.140)
    3 2.970(-0.030)
    4 3.904(-0.096)
    5 5.000(0.000)
    1 1.278(0.278)
    1 1.349(0.349)
    1 1.390(0.390)
    1 1.172(0.172)
    1 1.143(0.143)
    1 1.345(0.345)
    1 1.280(0.280)
    1 1.187(0.187)
    1 1.297(0.297)
    1 1.150(0.150)
    1 1.243(0.243)
    1 1.397(0.397)
    1 1.202(0.202)
    1 1.385(0.385)
    4 3.885(-0.115)
    5 4.457(-0.543)
    4 3.720(-0.280)
    4 4.000(0.000)
    4 3.760(-0.240)
    5 4.975(-0.025)
    5 5.000(0.000)
    5 5.000(0.000)
    3 2.934(-0.066)
    5 4.468(-0.532)
    3 2.908(-0.092)
    3 3.014(0.014)
    2 1.942(-0.058)
    2 2.610(0.610)
    2 1.925(-0.075)
    4 3.916(-0.084)
    5 4.487(-0.513)
    5 4.880(-0.120)
    5 4.870(-0.130)
    5 5.000(0.000)
    5 5.000(0.000)
    4 4.017(0.017)
    5 5.000(0.000)
    5 4.974(-0.026)
    4 4.079(0.079)
    5 4.614(-0.386)
    2 2.009(0.009)
    2 1.918(-0.082)
    5 4.654(-0.346)
    5 5.000(0.000)
    2 2.447(0.447)
    2 3.136(1.136)
    3 3.117(0.117)
    3 2.985(-0.015)
    4 3.975(-0.025)
    4 3.905(-0.095)
    2 2.413(0.413)
    2 2.254(0.254)
    5 4.677(-0.323)
    5 4.432(-0.568)
    4 3.972(-0.028)
    5 4.845(-0.155)
    2 1.904(-0.096)
    4 4.046(0.046)
    4 3.974(-0.026)
    5 4.592(-0.408)
    4 4.023(0.023)
    4 4.068(0.068)
    5 5.000(0.000)
    5 4.776(-0.224)
    5 4.823(-0.177)
    3 3.629(0.629)
    1 1.383(0.383)
    5 5.000(0.000)
    4 3.893(-0.107)
    5 4.443(-0.557)
    4 4.041(0.041)
    4 3.770(-0.230)
    5 4.672(-0.328)
    5 4.720(-0.280)
    5 5.000(0.000)
    5 5.000(0.000)
    1 1.342(0.342)
    5 5.000(0.000)
    5 5.000(0.000)
    4 4.086(0.086)
    3 2.933(-0.067)
    4 4.030(0.030)
    4 3.974(-0.026)
    3 2.930(-0.070)
    5 4.827(-0.173)
    4 4.077(0.077)
    4 3.967(-0.033)
    4 3.948(-0.052)
    4 3.951(-0.049)
    3 2.959(-0.041)
    2 2.527(0.527)
    4 3.738(-0.262)
    4 3.965(-0.035)
    5 4.596(-0.404)
    5 5.000(0.000)
    4 3.730(-0.270)
    1 2.155(1.155)
    5 4.613(-0.387)
    4 4.036(0.036)
    4 3.946(-0.054)
    1 1.073(0.073)
    2 2.203(0.203)
    2 1.972(-0.028)
    2 1.967(-0.033)
    4 3.996(-0.004)
    5 5.000(0.000)
    4 4.103(0.103)
    4 3.936(-0.064)
    3 3.258(0.258)
    3 3.318(0.318)
    3 3.004(0.004)
    5 4.979(-0.021)
    5 4.186(-0.814)
    3 3.163(0.163)
    3 2.939(-0.061)
    2 2.285(0.285)
    5 5.000(0.000)
    3 3.244(0.244)
    2 2.408(0.408)
    5 4.815(-0.185)
    5 5.000(0.000)
    5 4.861(-0.139)
    5 4.712(-0.288)
    5 4.578(-0.422)
    1 1.484(0.484)
    1 1.340(0.340)
    1 1.535(0.535)
    4 3.919(-0.081)
    5 5.000(0.000)
    5 5.000(0.000)
    5 5.000(0.000)
    3 3.001(0.001)
    4 3.966(-0.034)
    4 3.926(-0.074)
    1 2.225(1.225)
    1 1.876(0.876)
    5 5.000(0.000)
    1 1.180(0.180)
    1 1.918(0.918)
    5 4.725(-0.275)
    5 5.000(0.000)
    3 3.288(0.288)
    3 3.169(0.169)
    3 3.192(0.192)
    4 3.956(-0.044)
    3 2.937(-0.063)
    4 3.880(-0.120)
    3 2.819(-0.181)
    2 2.176(0.176)
    1 0.999(-0.001)
    1 1.001(0.001)
    5 4.060(-0.940)
    5 4.758(-0.242)
    5 4.878(-0.122)
    5 4.920(-0.080)
    5 4.811(-0.189)
    4 3.975(-0.025)
    4 3.943(-0.057)
    5 4.761(-0.239)
    4 3.963(-0.037)
    4 4.008(0.008)
    5 4.915(-0.085)
    5 5.000(0.000)
    5 4.512(-0.488)
    5 4.922(-0.078)
    3 3.052(0.052)
    5 4.662(-0.338)
    3 2.953(-0.047)
    5 4.782(-0.218)
    5 4.736(-0.264)
    3 2.729(-0.271)
    5 5.000(0.000)
    2 2.448(0.448)
    4 4.055(0.055)
    2 2.132(0.132)
    4 3.735(-0.265)
    4 4.073(0.073)
    4 3.810(-0.190)
    4 3.990(-0.010)
    4 4.074(0.074)
    4 4.098(0.098)
    4 4.076(0.076)
    4 4.058(0.058)
    3 3.249(0.249)
    1 1.002(0.002)
    5 4.939(-0.061)
    4 3.902(-0.098)
    3 3.205(0.205)
    4 4.052(0.052)
    4 3.896(-0.104)
    5 4.374(-0.626)
    3 2.994(-0.006)
    5 4.374(-0.626)
    4 3.940(-0.060)
    5 4.509(-0.491)
    1 2.007(1.007)
    5 5.000(0.000)
    5 5.000(0.000)
    4 3.807(-0.193)
    4 3.909(-0.091)
    3 2.958(-0.042)
    4 3.927(-0.073)
    4 3.983(-0.017)
    2 2.354(0.354)
    5 4.810(-0.190)
    5 5.000(0.000)
    5 4.789(-0.211)
    4 3.922(-0.078)
    2 2.383(0.383)
    5 4.016(-0.984)
    5 5.000(0.000)
    5 4.856(-0.144)
    5 5.000(0.000)
    5 5.000(0.000)
    5 5.000(0.000)
    1 0.989(-0.011)
    4 4.004(0.004)
    2 3.185(1.185)
    5 4.292(-0.708)
    5 5.000(0.000)
    5 5.000(0.000)
    5 5.000(0.000)
    5 5.000(0.000)
    5 5.000(0.000)
    5 5.000(0.000)
    5 5.000(0.000)
    5 4.530(-0.470)
    5 5.000(0.000)
    5 4.618(-0.382)
    5 4.622(-0.378)
    2 2.652(0.652)
    3 3.302(0.302)
    5 4.414(-0.586)
    4 4.015(0.015)
    3 3.357(0.357)
    5 4.486(-0.514)
    4 3.977(-0.023)
    3 2.998(-0.002)
    5 4.521(-0.479)
    5 4.865(-0.135)
    2 2.050(0.050)
    3 3.680(0.680)
    5 4.980(-0.020)
    4 4.023(0.023)
    4 3.957(-0.043)
    5 5.000(0.000)
    5 5.000(0.000)
    3 3.336(0.336)
    4 4.062(0.062)
    5 4.273(-0.727)
    3 3.086(0.086)
    2 2.098(0.098)
    4 3.981(-0.019)
    4 4.025(0.025)
    4 3.927(-0.073)
    1 1.271(0.271)
    1 1.055(0.055)
    5 5.000(0.000)
    5 4.882(-0.118)
    5 4.962(-0.038)
    4 3.973(-0.027)
    3 2.974(-0.026)
    5 5.000(0.000)
    3 2.998(-0.002)
    5 4.729(-0.271)
    5 4.405(-0.595)
    5 4.846(-0.154)
    5 4.574(-0.426)
    5 5.000(0.000)
    5 5.000(0.000)
    5 5.000(0.000)
    5 5.000(0.000)
    5 5.000(0.000)
    5 5.000(0.000)
    5 5.000(0.000)
    5 5.000(0.000)
    3 2.970(-0.030)
    4 3.979(-0.021)
    5 4.972(-0.028)
    5 4.723(-0.277)
    1 0.987(-0.013)
    1 0.993(-0.007)
    1 1.484(0.484)
    2 2.256(0.256)
    5 4.696(-0.304)
    5 5.000(0.000)
    1 1.064(0.064)
    4 3.939(-0.061)
    4 3.971(-0.029)
    5 5.000(0.000)
    5 4.873(-0.127)
    4 3.794(-0.206)
    4 3.908(-0.092)
    4 3.980(-0.020)
    1 1.400(0.400)
    1 1.504(0.504)
    1 1.317(0.317)
    5 4.694(-0.306)
    5 5.000(0.000)
    3 2.905(-0.095)
    1 1.312(0.312)
    1 1.082(0.082)
    1 1.032(0.032)
    1 1.046(0.046)
    4 3.725(-0.275)
    4 3.877(-0.123)
    4 3.917(-0.083)
    5 5.000(0.000)
    3 3.224(0.224)
    1 0.995(-0.005)
    1 0.995(-0.005)
    5 4.349(-0.651)
    5 4.828(-0.172)
    5 5.000(0.000)
    4 3.905(-0.095)
    4 3.881(-0.119)
    3 3.241(0.241)
    5 5.000(0.000)
    5 4.853(-0.147)
    4 3.955(-0.045)
    5 5.000(0.000)
    4 3.992(-0.008)
    4 3.810(-0.190)
    3 2.880(-0.120)
    2 1.985(-0.015)
    1 1.004(0.004)
    3 3.102(0.102)
    1 1.595(0.595)
    5 5.000(0.000)
    1 0.985(-0.015)
    4 4.019(0.019)
    4 4.037(0.037)
    4 3.938(-0.062)
    1 0.993(-0.007)
    1 1.343(0.343)
    1 1.002(0.002)
    1 1.178(0.178)
    1 0.990(-0.010)
    1 1.216(0.216)
    1 0.903(-0.097)
    1 0.989(-0.011)
    1 1.006(0.006)
    1 0.913(-0.087)
    1 1.132(0.132)
    4 4.062(0.062)
    4 4.266(0.266)
    5 4.866(-0.134)
    5 5.000(0.000)
    5 5.000(0.000)
    5 5.000(0.000)
    5 4.825(-0.175)
    5 4.548(-0.452)
    4 4.092(0.092)
    1 1.122(0.122)
    3 3.008(0.008)
    5 4.706(-0.294)
    5 4.763(-0.237)
    5 5.000(0.000)
    5 5.000(0.000)
    4 3.995(-0.005)
    5 4.483(-0.517)
    5 5.000(0.000)
    4 3.946(-0.054)
    1 1.209(0.209)
    1 0.937(-0.063)
    5 5.000(0.000)
    5 5.000(0.000)
    4 3.935(-0.065)
    5 4.931(-0.069)
    4 4.058(0.058)
    5 5.000(0.000)
    5 5.000(0.000)
    5 5.000(0.000)
    4 3.697(-0.303)
    4 3.991(-0.009)
    4 4.036(0.036)
    4 3.926(-0.074)
    5 5.000(0.000)
    5 5.000(0.000)
    5 4.637(-0.363)
    5 4.973(-0.027)
    5 4.828(-0.172)
    5 4.719(-0.281)
    5 4.275(-0.725)
    5 4.546(-0.454)
    2 2.645(0.645)
    4 4.093(0.093)
    3 3.224(0.224)
    3 3.097(0.097)
    4 3.923(-0.077)
    5 5.000(0.000)
    5 5.000(0.000)
    5 4.695(-0.305)
    5 4.968(-0.032)
    5 5.000(0.000)
    5 4.920(-0.080)
    3 3.004(0.004)
    2 2.039(0.039)
    4 3.998(-0.002)
    2 2.671(0.671)
    5 5.000(0.000)
    1 2.430(1.430)
    3 3.261(0.261)
    2 2.895(0.895)
    5 4.408(-0.592)
    2 2.006(0.006)
    2 2.084(0.084)
    2 2.055(0.055)
    1 1.312(0.312)
    1 1.007(0.007)
    5 5.000(0.000)
    4 3.963(-0.037)
    5 4.392(-0.608)
    1 2.657(1.657)
    5 4.761(-0.239)
    2 2.597(0.597)
    5 3.986(-1.014)
    3 3.365(0.365)
    2 2.026(0.026)
    5 4.397(-0.603)
    3 3.002(0.002)
    5 3.959(-1.041)
    3 3.204(0.204)
    3 3.185(0.185)
    3 3.068(0.068)
    3 3.346(0.346)
    1 1.429(0.429)
    4 3.944(-0.056)
    5 4.736(-0.264)
    5 5.000(0.000)
    4 4.051(0.051)
    4 3.907(-0.093)
    4 4.079(0.079)
    4 3.747(-0.253)
    3 2.997(-0.003)
    3 3.304(0.304)
    3 2.967(-0.033)
    5 5.000(0.000)
    5 5.000(0.000)
    3 3.002(0.002)
    2 2.274(0.274)
    1 2.189(1.189)
    1 0.983(-0.017)
    1 1.398(0.398)
    5 4.668(-0.332)
    5 5.000(0.000)
    5 4.655(-0.345)
    5 4.835(-0.165)
    5 4.525(-0.475)
    1 1.028(0.028)
    1 1.258(0.258)
    5 4.728(-0.272)
    5 4.425(-0.575)
    5 5.000(0.000)
    2 2.003(0.003)
    5 5.000(0.000)
    5 5.000(0.000)
    3 3.275(0.275)
    5 4.242(-0.758)
    5 5.000(0.000)
    5 5.000(0.000)
    5 5.000(0.000)
    5 5.000(0.000)
    5 4.739(-0.261)
    5 5.000(0.000)
    5 5.000(0.000)
    5 5.000(0.000)
    5 5.000(0.000)
    5 5.000(0.000)
    5 5.000(0.000)
    3 3.014(0.014)
    4 3.924(-0.076)
    5 5.000(0.000)
    4 4.232(0.232)
    3 3.078(0.078)
    4 4.074(0.074)
    5 4.756(-0.244)
    5 5.000(0.000)
    5 4.622(-0.378)
    5 4.560(-0.440)
    3 3.433(0.433)
    2 2.765(0.765)
    4 4.064(0.064)
    4 4.004(0.004)
    5 4.427(-0.573)
    5 4.618(-0.382)
    2 3.099(1.099)
    5 5.000(0.000)
    5 4.566(-0.434)
    5 5.000(0.000)
    3 3.102(0.102)
    3 2.967(-0.033)
    4 4.030(0.030)
    4 4.037(0.037)
    3 3.053(0.053)
    5 4.410(-0.590)
    5 4.679(-0.321)
    5 4.934(-0.066)
    5 4.895(-0.105)
    5 4.918(-0.082)
    5 5.000(0.000)
    4 4.058(0.058)
    4 3.956(-0.044)
    5 5.000(0.000)
    4 4.032(0.032)
    5 4.756(-0.244)
    2 2.056(0.056)
    5 5.000(0.000)
    5 4.391(-0.609)
    4 3.878(-0.122)
    4 3.971(-0.029)
    4 3.924(-0.076)
    4 3.453(-0.547)
    5 4.805(-0.195)
    2 1.978(-0.022)
    2 2.271(0.271)
    5 4.081(-0.919)
    5 4.580(-0.420)
    1 1.000(0.000)
    2 2.014(0.014)
    4 3.950(-0.050)
    5 4.579(-0.421)
    5 4.972(-0.028)
    5 4.464(-0.536)
    5 4.658(-0.342)
    1 1.972(0.972)
    5 5.000(0.000)
    2 2.804(0.804)
    5 4.383(-0.617)
    5 4.651(-0.349)
    5 5.000(0.000)
    5 4.901(-0.099)
    2 1.909(-0.091)
    5 4.201(-0.799)
    5 5.000(0.000)
    5 5.000(0.000)
    4 3.825(-0.175)
    2 2.147(0.147)
    4 4.001(0.001)
    2 1.924(-0.076)
    5 4.364(-0.636)
    2 2.158(0.158)
    2 2.118(0.118)
    2 2.086(0.086)
    5 5.000(0.000)
    5 5.000(0.000)
    5 5.000(0.000)
    4 3.438(-0.562)
    2 2.057(0.057)
    5 4.453(-0.547)
    4 4.043(0.043)
    3 3.359(0.359)
    2 1.922(-0.078)
    4 3.949(-0.051)
    4 4.064(0.064)
    5 4.693(-0.307)
    4 3.965(-0.035)
    5 4.485(-0.515)
    5 4.848(-0.152)
    3 3.003(0.003)
    2 2.023(0.023)
    5 5.000(0.000)
    4 3.762(-0.238)
    5 5.000(0.000)
    2 2.309(0.309)
    4 3.980(-0.020)
    5 4.863(-0.137)
    3 3.066(0.066)
    5 4.818(-0.182)
    5 5.000(0.000)
    3 3.349(0.349)
    4 4.013(0.013)
    2 1.939(-0.061)
    5 5.000(0.000)
    5 5.000(0.000)
    5 5.000(0.000)
    2 2.655(0.655)
    5 4.634(-0.366)
    5 5.000(0.000)
    5 4.738(-0.262)
    5 4.951(-0.049)
    3 2.923(-0.077)
    1 1.059(0.059)
    5 5.000(0.000)
    1 0.992(-0.008)
    5 4.599(-0.401)
    4 3.932(-0.068)
    4 3.923(-0.077)
    3 3.408(0.408)
    5 4.214(-0.786)
    2 2.076(0.076)
    1 0.983(-0.017)
    1 1.008(0.008)
    5 5.000(0.000)
    5 5.000(0.000)
    4 3.955(-0.045)
    3 2.983(-0.017)
    4 3.926(-0.074)
    3 3.332(0.332)
    2 3.601(1.601)
    4 3.952(-0.048)
    5 4.365(-0.635)
    4 4.032(0.032)
    5 4.342(-0.658)
    5 4.716(-0.284)
    2 2.575(0.575)
    1 0.913(-0.087)
    1 1.097(0.097)
    4 3.907(-0.093)
    4 3.988(-0.012)
    5 4.960(-0.040)
    5 5.000(0.000)
    5 5.000(0.000)
    1 1.816(0.816)
    4 4.033(0.033)
    3 2.938(-0.062)
    4 3.526(-0.474)
    2 2.207(0.207)
    4 3.974(-0.026)
    5 4.799(-0.201)
    5 5.000(0.000)
    5 4.819(-0.181)
    5 4.828(-0.172)
    5 4.843(-0.157)
    5 4.651(-0.349)
    3 3.656(0.656)
    5 5.000(0.000)
    5 4.400(-0.600)
    4 4.050(0.050)
    5 4.968(-0.032)
    5 5.000(0.000)
    5 5.000(0.000)
    5 5.000(0.000)
    2 2.625(0.625)
    5 4.710(-0.290)
    4 4.002(0.002)
    4 4.436(0.436)
    1 1.645(0.645)
    1 1.009(0.009)
    5 5.000(0.000)
    4 4.056(0.056)
    4 3.985(-0.015)
    1 1.413(0.413)
    5 4.332(-0.668)
    1 0.999(-0.001)
    5 5.000(0.000)
    5 5.000(0.000)
    4 3.959(-0.041)
    5 5.000(0.000)
    5 5.000(0.000)
    5 5.000(0.000)
    5 4.480(-0.520)
    1 1.177(0.177)
    2 2.028(0.028)
    5 4.411(-0.589)
    1 0.945(-0.055)
    1 1.163(0.163)
    1 1.178(0.178)
    1 1.387(0.387)
    1 0.949(-0.051)
    5 4.100(-0.900)
    5 4.619(-0.381)
    5 4.506(-0.494)
    1 1.101(0.101)
    5 4.975(-0.025)
    1 1.018(0.018)
    1 1.247(0.247)
    4 3.920(-0.080)
    5 4.522(-0.478)
    3 2.957(-0.043)
    4 3.908(-0.092)
    4 4.049(0.049)
    5 5.000(0.000)
    5 5.000(0.000)
    4 3.920(-0.080)
    5 4.662(-0.338)
    5 4.166(-0.834)
    5 3.891(-1.109)
    5 4.316(-0.684)
    5 5.000(0.000)
    2 2.059(0.059)
    4 3.868(-0.132)
    4 3.906(-0.094)
    5 5.000(0.000)
    4 4.000(0.000)
    4 4.075(0.075)
    1 1.538(0.538)
    1 1.600(0.600)
    1 1.648(0.648)
    5 5.000(0.000)
    5 5.000(0.000)
    3 2.981(-0.019)
    3 3.782(0.782)
    4 3.757(-0.243)
    1 1.077(0.077)
    1 1.072(0.072)
    5 4.531(-0.469)
    4 4.045(0.045)
    3 3.009(0.009)
    4 4.003(0.003)
    4 3.963(-0.037)
    3 2.905(-0.095)
    5 4.682(-0.318)
    5 4.748(-0.252)
    5 4.763(-0.237)
    5 5.000(0.000)
    5 5.000(0.000)
    5 5.000(0.000)
    5 4.955(-0.045)
    4 3.903(-0.097)
    5 4.529(-0.471)
    5 4.707(-0.293)
    2 2.434(0.434)
    4 3.954(-0.046)
    5 4.937(-0.063)
    4 4.491(0.491)
    1 1.155(0.155)
    5 4.579(-0.421)
    1 0.995(-0.005)
    5 5.000(0.000)
    5 5.000(0.000)
    5 4.606(-0.394)
    4 3.890(-0.110)
    4 3.851(-0.149)
    3 3.035(0.035)
    4 4.010(0.010)
    3 3.348(0.348)
    3 3.128(0.128)
    4 4.078(0.078)
    4 3.698(-0.302)
    4 3.943(-0.057)
    5 4.440(-0.560)
    3 3.063(0.063)
    3 3.292(0.292)
    1 0.992(-0.008)
    4 3.676(-0.324)
    5 4.445(-0.555)
    5 4.973(-0.027)
    2 2.036(0.036)
    3 3.082(0.082)
    4 3.950(-0.050)
    5 4.741(-0.259)
    5 5.000(0.000)
    5 4.827(-0.173)
    5 4.997(-0.003)
    2 2.492(0.492)
    5 4.112(-0.888)
    3 3.445(0.445)
    5 5.000(0.000)
    5 4.910(-0.090)
    5 4.671(-0.329)
    4 3.866(-0.134)
    3 3.040(0.040)
    5 5.000(0.000)
    5 5.000(0.000)
    5 5.000(0.000)
    5 4.696(-0.304)
    1 1.008(0.008)
    5 5.000(0.000)
    5 5.000(0.000)
    5 5.000(0.000)
    5 5.000(0.000)
    5 5.000(0.000)
    5 5.000(0.000)
    4 3.874(-0.126)
    3 3.082(0.082)
    3 3.159(0.159)
    2 2.047(0.047)
    5 4.628(-0.372)
    3 2.956(-0.044)
    5 4.610(-0.390)
    5 5.000(0.000)
    5 5.000(0.000)
    2 1.878(-0.122)
    5 4.341(-0.659)
    4 3.686(-0.314)
    4 3.807(-0.193)
    1 1.397(0.397)
    3 3.376(0.376)
    5 5.000(0.000)
    5 5.000(0.000)
    3 3.100(0.100)
    5 5.000(0.000)
    5 5.000(0.000)
    5 5.000(0.000)
    5 4.973(-0.027)
    4 3.936(-0.064)
    5 4.572(-0.428)
    5 4.421(-0.579)
    5 5.000(0.000)
    3 3.163(0.163)
    5 5.000(0.000)
    5 4.947(-0.053)
    2 2.094(0.094)
    5 4.796(-0.204)
    3 3.003(0.003)
    2 2.308(0.308)
    5 5.000(0.000)
    5 5.000(0.000)
    5 5.000(0.000)
    5 5.000(0.000)
    5 4.800(-0.200)
    5 5.000(0.000)
    5 5.000(0.000)
    5 5.000(0.000)
    5 4.919(-0.081)
    1 1.198(0.198)
    1 1.150(0.150)
    5 4.575(-0.425)
    4 3.755(-0.245)
    3 3.327(0.327)
    5 5.000(0.000)
    5 4.876(-0.124)
    5 4.756(-0.244)
    3 3.046(0.046)
    4 3.770(-0.230)
    2 2.309(0.309)
    4 3.805(-0.195)
    4 4.092(0.092)
    4 3.963(-0.037)
    5 4.864(-0.136)
    5 5.000(0.000)
    5 4.168(-0.832)
    5 4.535(-0.465)
    5 4.412(-0.588)
    2 2.053(0.053)
    5 5.000(0.000)
    4 3.773(-0.227)
    3 3.050(0.050)
    2 2.045(0.045)
    5 4.679(-0.321)
    5 4.494(-0.506)
    2 2.063(0.063)
    3 3.306(0.306)
    4 4.016(0.016)
    5 5.000(0.000)
    3 2.837(-0.163)
    1 1.005(0.005)
    5 4.980(-0.020)
    5 5.000(0.000)
    3 3.178(0.178)
    3 2.931(-0.069)
    1 1.003(0.003)
    4 4.030(0.030)
    5 5.000(0.000)
    4 4.144(0.144)
    2 2.695(0.695)
    5 4.829(-0.171)
    5 4.956(-0.044)
    5 4.937(-0.063)
    5 4.597(-0.403)
    5 5.000(0.000)
    5 4.480(-0.520)
    5 4.247(-0.753)
    5 4.816(-0.184)
    5 4.523(-0.477)
    4 4.030(0.030)
    3 3.476(0.476)
    5 4.857(-0.143)
    5 4.816(-0.184)
    5 5.000(0.000)
    5 4.409(-0.591)
    5 5.000(0.000)
    5 4.171(-0.829)
    2 3.596(1.596)
    4 4.100(0.100)
    4 3.938(-0.062)
    5 4.687(-0.313)
    3 3.058(0.058)
    5 4.413(-0.587)
    1 1.457(0.457)
    5 5.000(0.000)
    1 1.009(0.009)
    5 5.000(0.000)
    1 1.005(0.005)
    4 3.974(-0.026)
    4 4.072(0.072)
    4 4.086(0.086)
    5 5.000(0.000)
    5 4.965(-0.035)
    4 3.908(-0.092)
    2 2.516(0.516)
    4 4.044(0.044)
    4 4.038(0.038)
    4 3.954(-0.046)
    1 1.600(0.600)
    5 4.727(-0.273)
    3 3.063(0.063)
    3 2.970(-0.030)
    4 3.927(-0.073)
    5 4.705(-0.295)
    4 4.010(0.010)
    4 3.996(-0.004)
    4 4.215(0.215)
    5 5.000(0.000)
    3 3.256(0.256)
    4 3.852(-0.148)
    3 3.211(0.211)
    4 4.048(0.048)
    4 4.039(0.039)
    4 4.021(0.021)
    5 4.804(-0.196)
    4 4.027(0.027)
    4 3.842(-0.158)
    2 2.718(0.718)
    4 3.958(-0.042)
    5 5.000(0.000)
    5 5.000(0.000)
    1 1.694(0.694)
    5 4.521(-0.479)
    5 4.555(-0.445)
    1 1.204(0.204)
    5 4.887(-0.113)
    5 5.000(0.000)
    5 4.389(-0.611)
    5 4.747(-0.253)
    4 4.054(0.054)
    4 3.962(-0.038)
    4 3.968(-0.032)
    5 4.887(-0.113)
    5 4.603(-0.397)
    2 1.983(-0.017)
    4 3.729(-0.271)
    5 4.834(-0.166)
    5 4.784(-0.216)
    5 4.492(-0.508)
    4 4.100(0.100)
    4 4.031(0.031)
    5 4.521(-0.479)
    5 4.256(-0.744)
    5 4.839(-0.161)
    5 4.613(-0.387)
    3 3.047(0.047)
    3 3.001(0.001)
    3 3.240(0.240)
    5 4.996(-0.004)
    4 4.045(0.045)
    2 2.100(0.100)
    5 5.000(0.000)
    5 5.000(0.000)
    1 1.004(0.004)
    5 5.000(0.000)
    5 5.000(0.000)
    5 5.000(0.000)
    5 5.000(0.000)
    4 3.850(-0.150)
    3 3.181(0.181)
    1 1.224(0.224)
    1 0.995(-0.005)
    1 1.194(0.194)
    1 1.295(0.295)
    1 0.981(-0.019)
    1 1.010(0.010)
    1 1.007(0.007)
    1 0.992(-0.008)
    1 0.980(-0.020)
    1 0.987(-0.013)
    1 0.983(-0.017)
    1 0.995(-0.005)
    1 1.003(0.003)
    1 0.963(-0.037)
    1 0.995(-0.005)
    1 0.989(-0.011)
    1 1.006(0.006)
    1 1.189(0.189)
    1 0.983(-0.017)
    4 3.936(-0.064)
    5 4.803(-0.197)
    5 4.904(-0.096)
    3 3.012(0.012)
    3 3.180(0.180)
    4 3.812(-0.188)
    5 4.596(-0.404)
    5 4.449(-0.551)
    5 4.308(-0.692)
    1 1.479(0.479)
    4 4.023(0.023)
    5 4.852(-0.148)
    5 5.000(0.000)
    4 3.916(-0.084)
    5 4.122(-0.878)
    5 4.844(-0.156)
    5 4.664(-0.336)
    5 4.688(-0.312)
    5 4.458(-0.542)
    5 5.000(0.000)
    5 4.938(-0.062)
    1 1.231(0.231)
    1 1.042(0.042)
    1 1.105(0.105)
    4 4.058(0.058)
    4 4.049(0.049)
    5 4.779(-0.221)
    5 5.000(0.000)
    5 5.000(0.000)
    2 2.058(0.058)
    2 2.450(0.450)
    1 1.009(0.009)
    3 3.275(0.275)
    3 3.205(0.205)
    5 5.000(0.000)
    1 1.219(0.219)
    5 4.735(-0.265)
    2 1.992(-0.008)
    4 3.913(-0.087)
    5 5.000(0.000)
    5 4.910(-0.090)
    4 4.038(0.038)
    2 2.959(0.959)
    5 4.565(-0.435)
    4 3.923(-0.077)
    5 4.007(-0.993)
    3 3.049(0.049)
    4 3.954(-0.046)
    3 3.054(0.054)
    1 1.445(0.445)
    5 5.000(0.000)
    3 3.296(0.296)
    4 4.058(0.058)
    4 3.831(-0.169)
    5 4.294(-0.706)
    4 4.086(0.086)
    1 1.387(0.387)
    5 4.611(-0.389)
    5 4.653(-0.347)
    5 4.548(-0.452)
    5 4.917(-0.083)
    5 4.701(-0.299)
    4 3.833(-0.167)
    3 3.079(0.079)
    4 4.055(0.055)
    4 4.004(0.004)
    3 3.028(0.028)
    3 3.074(0.074)
    4 4.012(0.012)
    5 4.055(-0.945)
    5 5.000(0.000)
    5 5.000(0.000)
    5 4.239(-0.761)
    5 4.552(-0.448)
    5 4.540(-0.460)
    3 2.914(-0.086)
    3 3.143(0.143)
    3 3.033(0.033)
    3 3.334(0.334)
    2 1.941(-0.059)
    5 4.439(-0.561)
    3 2.923(-0.077)
    5 4.750(-0.250)
    5 4.640(-0.360)
    5 5.000(0.000)
    3 2.984(-0.016)
    2 2.366(0.366)
    4 4.073(0.073)
    4 4.019(0.019)
    2 1.963(-0.037)
    4 3.870(-0.130)
    5 4.499(-0.501)
    5 4.748(-0.252)
    5 4.323(-0.677)
    5 3.877(-1.123)
    2 2.467(0.467)
    1 1.709(0.709)
    4 4.028(0.028)
    3 2.904(-0.096)
    5 4.516(-0.484)
    2 2.069(0.069)
    4 3.972(-0.028)
    3 3.077(0.077)
    5 4.515(-0.485)
    4 3.922(-0.078)
    2 2.052(0.052)
    3 3.493(0.493)
    5 4.949(-0.051)
    2 2.233(0.233)
    4 3.736(-0.264)
    2 2.525(0.525)
    4 3.935(-0.065)
    4 3.935(-0.065)
    3 3.457(0.457)
    5 4.642(-0.358)
    5 4.376(-0.624)
    1 1.296(0.296)
    5 4.681(-0.319)
    1 1.193(0.193)
    1 1.671(0.671)
    4 4.124(0.124)
    5 5.000(0.000)
    5 5.000(0.000)
    5 5.000(0.000)
    5 5.000(0.000)
    5 5.000(0.000)
    5 4.593(-0.407)
    5 5.000(0.000)
    4 3.865(-0.135)
    5 5.000(0.000)
    5 5.000(0.000)
    1 0.995(-0.005)
    4 3.871(-0.129)
    1 0.995(-0.005)
    4 3.506(-0.494)
    5 4.574(-0.426)
    4 3.932(-0.068)
    4 3.986(-0.014)
    5 5.000(0.000)
    5 4.904(-0.096)
    5 5.000(0.000)
    5 5.000(0.000)
    5 4.866(-0.134)
    5 4.729(-0.271)
    5 4.322(-0.678)
    3 3.358(0.358)
    4 3.936(-0.064)
    5 4.779(-0.221)
    5 5.000(0.000)
    3 2.922(-0.078)
    1 0.976(-0.024)
    4 4.033(0.033)
    4 4.090(0.090)
    3 3.269(0.269)
    5 4.362(-0.638)
    4 4.061(0.061)
    5 4.321(-0.679)
    5 4.648(-0.352)
    5 4.956(-0.044)
    5 3.876(-1.124)
    5 4.681(-0.319)
    5 4.485(-0.515)
    1 1.840(0.840)
    5 4.238(-0.762)
    1 1.678(0.678)
    5 4.513(-0.487)
    5 5.000(0.000)
    5 4.583(-0.417)
    5 5.000(0.000)
    5 4.957(-0.043)
    5 4.411(-0.589)
    5 5.000(0.000)
    5 5.000(0.000)
    5 4.584(-0.416)
    5 4.809(-0.191)
    1 0.996(-0.004)
    1 1.061(0.061)
    4 3.934(-0.066)
    5 5.000(0.000)
    5 5.000(0.000)
    5 5.000(0.000)
    4 4.040(0.040)
    4 3.936(-0.064)
    2 2.035(0.035)
    4 4.023(0.023)
    4 4.021(0.021)
    5 5.000(0.000)
    5 5.000(0.000)
    4 4.115(0.115)
    5 4.770(-0.230)
    5 4.524(-0.476)
    1 0.994(-0.006)
    4 3.974(-0.026)
    5 5.000(0.000)
    5 4.868(-0.132)
    5 5.000(0.000)
    5 4.980(-0.020)
    4 3.911(-0.089)
    2 2.314(0.314)
    4 3.919(-0.081)
    4 4.086(0.086)
    5 5.000(0.000)
    4 4.032(0.032)
    3 2.958(-0.042)
    4 3.955(-0.045)
    4 4.063(0.063)
    2 2.601(0.601)
    5 4.803(-0.197)
    3 3.315(0.315)
    3 2.906(-0.094)
    2 2.082(0.082)
    2 2.000(0.000)
    5 4.793(-0.207)
    3 3.011(0.011)
    2 2.567(0.567)
    5 5.000(0.000)
    1 0.991(-0.009)
    1 0.981(-0.019)
    1 1.005(0.005)
    5 5.000(0.000)
    4 3.912(-0.088)
    1 1.467(0.467)
    1 0.987(-0.013)
    1 0.997(-0.003)
    4 4.093(0.093)
    4 4.007(0.007)
    4 4.006(0.006)
    4 3.662(-0.338)
    3 2.914(-0.086)
    5 5.000(0.000)
    4 4.024(0.024)
    4 3.925(-0.075)
    4 4.044(0.044)
    4 3.514(-0.486)
    5 5.000(0.000)
    3 3.135(0.135)
    5 5.000(0.000)
    5 5.000(0.000)
    1 0.988(-0.012)
    5 5.000(0.000)
    5 5.000(0.000)
    5 5.000(0.000)
    5 4.495(-0.505)
    5 4.497(-0.503)
    5 5.000(0.000)
    5 5.000(0.000)
    5 5.000(0.000)
    5 4.538(-0.462)
    5 5.000(0.000)
    5 4.879(-0.121)
    5 4.906(-0.094)
    4 4.141(0.141)
    3 2.970(-0.030)
    1 1.381(0.381)
    1 1.105(0.105)
    1 1.137(0.137)
    5 4.246(-0.754)
    3 3.020(0.020)
    5 4.734(-0.266)
    4 4.049(0.049)
    5 5.000(0.000)
    5 4.517(-0.483)
    5 4.107(-0.893)
    5 4.635(-0.365)
    3 3.112(0.112)
    4 3.916(-0.084)
    2 2.023(0.023)
    5 5.000(0.000)
    5 4.754(-0.246)
    5 4.868(-0.132)
    5 4.406(-0.594)
    1 0.991(-0.009)
    4 3.786(-0.214)
    2 1.913(-0.087)
    4 4.076(0.076)
    2 2.150(0.150)
    5 5.000(0.000)
    5 5.000(0.000)
    4 4.025(0.025)
    5 4.720(-0.280)
    3 3.069(0.069)
    5 4.955(-0.045)
    5 4.887(-0.113)
    4 3.866(-0.134)
    5 5.000(0.000)
    1 1.005(0.005)
    3 3.146(0.146)
    1 1.517(0.517)
    5 4.621(-0.379)
    4 3.947(-0.053)
    4 3.687(-0.313)
    4 4.062(0.062)
    3 2.999(-0.001)
    4 3.532(-0.468)
    4 3.949(-0.051)
    4 3.835(-0.165)
    3 3.087(0.087)
    1 0.985(-0.015)
    1 1.050(0.050)
    1 0.989(-0.011)
    1 1.031(0.031)
    5 5.000(0.000)
    5 5.000(0.000)
    5 5.000(0.000)
    5 5.000(0.000)
    5 5.000(0.000)
    5 5.000(0.000)
    5 4.400(-0.600)
    4 3.951(-0.049)
    4 3.889(-0.111)
    4 3.939(-0.061)
    3 3.270(0.270)
    2 2.259(0.259)
    4 3.488(-0.512)
    2 2.138(0.138)
    3 3.028(0.028)
    4 3.944(-0.056)
    4 3.801(-0.199)
    1 0.998(-0.002)
    2 2.849(0.849)
    4 4.084(0.084)
    3 3.214(0.214)
    4 4.100(0.100)
    4 4.023(0.023)
    4 3.802(-0.198)
    4 3.998(-0.002)
    4 3.826(-0.174)
    1 1.006(0.006)
    5 4.613(-0.387)
    1 1.452(0.452)
    4 4.109(0.109)
    4 3.978(-0.022)
    4 3.947(-0.053)
    1 1.008(0.008)
    3 2.994(-0.006)
    3 3.135(0.135)
    5 5.000(0.000)
    5 5.000(0.000)
    1 0.987(-0.013)
    5 4.675(-0.325)
    5 4.909(-0.091)
    5 4.627(-0.373)
    5 5.000(0.000)
    5 4.807(-0.193)
    2 2.400(0.400)
    5 5.000(0.000)
    5 4.746(-0.254)
    4 3.816(-0.184)
    5 4.722(-0.278)
    5 5.000(0.000)
    5 5.000(0.000)
    5 4.922(-0.078)
    5 4.804(-0.196)
    3 3.515(0.515)
    1 0.991(-0.009)
    5 4.883(-0.117)
    2 2.089(0.089)
    5 5.000(0.000)
    5 4.809(-0.191)
    2 1.993(-0.007)
    4 3.957(-0.043)
    5 5.000(0.000)
    5 5.000(0.000)
    5 4.344(-0.656)
    4 3.614(-0.386)
    5 3.902(-1.098)
    3 3.266(0.266)
    5 4.604(-0.396)
    4 4.095(0.095)
    5 5.000(0.000)
    5 5.000(0.000)
    4 4.047(0.047)
    5 5.000(0.000)
    5 4.834(-0.166)
    4 4.058(0.058)
    4 4.049(0.049)
    4 3.970(-0.030)
    5 4.596(-0.404)
    5 5.000(0.000)
    5 5.000(0.000)
    5 5.000(0.000)
    5 5.000(0.000)
    4 4.054(0.054)
    4 3.820(-0.180)
    5 5.000(0.000)
    5 4.403(-0.597)
    5 5.000(0.000)
    4 4.078(0.078)
    5 4.663(-0.337)
    1 1.373(0.373)
    1 1.119(0.119)
    5 5.000(0.000)
    5 5.000(0.000)
    5 4.960(-0.040)
    3 3.206(0.206)
    5 4.675(-0.325)
    5 4.459(-0.541)
    4 3.982(-0.018)
    3 3.316(0.316)
    4 4.058(0.058)
    4 3.845(-0.155)
    5 5.000(0.000)
    2 2.301(0.301)
    4 4.052(0.052)
    5 3.896(-1.104)
    5 4.459(-0.541)
    3 3.005(0.005)
    5 5.000(0.000)
    4 3.994(-0.006)
    5 5.000(0.000)
    2 2.309(0.309)
    1 1.011(0.011)
    3 3.175(0.175)
    5 4.872(-0.128)
    2 2.125(0.125)
    4 3.980(-0.020)
    3 3.392(0.392)
    5 4.047(-0.953)
    5 4.395(-0.605)
    1 1.900(0.900)
    1 0.993(-0.007)
    1 0.991(-0.009)
    3 3.049(0.049)
    5 5.000(0.000)
    1 1.706(0.706)
    4 3.807(-0.193)
    5 4.186(-0.814)
    5 4.905(-0.095)
    4 3.846(-0.154)
    4 3.904(-0.096)
    4 4.069(0.069)
    2 2.097(0.097)
    5 4.524(-0.476)
    5 4.746(-0.254)
    4 3.863(-0.137)
    5 4.262(-0.738)
    1 1.189(0.189)
    4 3.952(-0.048)
    5 4.934(-0.066)
    5 5.000(0.000)
    1 0.987(-0.013)
    5 4.846(-0.154)
    2 1.979(-0.021)
    2 1.966(-0.034)
    2 2.334(0.334)
    3 2.995(-0.005)
    3 2.962(-0.038)
    3 3.308(0.308)
    5 5.000(0.000)
    5 5.000(0.000)
    1 1.166(0.166)
    1 1.044(0.044)
    2 2.189(0.189)
    3 3.243(0.243)
    4 3.574(-0.426)
    3 3.433(0.433)
    4 3.891(-0.109)
    5 5.000(0.000)
    5 5.000(0.000)
    5 4.385(-0.615)
    3 3.068(0.068)
    4 3.513(-0.487)
    5 4.228(-0.772)
    5 4.448(-0.552)
    5 4.046(-0.954)
    5 5.000(0.000)
    5 5.000(0.000)
    4 3.991(-0.009)
    5 4.540(-0.460)
    5 4.797(-0.203)
    5 4.579(-0.421)
    3 3.044(0.044)
    5 4.591(-0.409)
    4 4.429(0.429)
    5 5.000(0.000)
    5 4.100(-0.900)
    5 4.349(-0.651)
    4 3.945(-0.055)
    5 5.000(0.000)
    5 5.000(0.000)
    4 3.966(-0.034)
    2 2.467(0.467)
    2 2.709(0.709)
    2 2.563(0.563)
    4 4.085(0.085)
    5 5.000(0.000)
    5 5.000(0.000)
    5 4.862(-0.138)
    5 5.000(0.000)
    5 4.939(-0.061)
    2 2.517(0.517)
    5 4.889(-0.111)
    5 5.000(0.000)
    3 2.963(-0.037)
    5 4.867(-0.133)
    5 5.000(0.000)
    5 5.000(0.000)
    1 1.575(0.575)
    5 4.501(-0.499)
    5 5.000(0.000)
    5 4.105(-0.895)
    4 3.957(-0.043)
    5 4.814(-0.186)
    5 5.000(0.000)
    4 3.742(-0.258)
    4 3.983(-0.017)
    1 1.764(0.764)
    1 1.210(0.210)
    1 1.062(0.062)
    1 1.380(0.380)
    2 3.063(1.063)
    2 2.061(0.061)
    5 4.576(-0.424)
    5 4.345(-0.655)
    5 4.422(-0.578)
    5 5.000(0.000)
    1 1.159(0.159)
    5 4.720(-0.280)
    4 4.022(0.022)
    3 3.029(0.029)
    4 4.053(0.053)
    4 4.000(0.000)
    2 2.020(0.020)
    5 4.524(-0.476)
    4 3.948(-0.052)
    5 4.469(-0.531)
    4 4.004(0.004)
    4 4.032(0.032)
    5 4.678(-0.322)
    4 3.984(-0.016)
    3 3.047(0.047)
    4 4.042(0.042)
    4 3.569(-0.431)
    2 2.535(0.535)
    4 3.920(-0.080)
    2 1.925(-0.075)
    4 3.724(-0.276)
    5 5.000(0.000)
    5 5.000(0.000)
    5 4.947(-0.053)
    5 4.660(-0.340)
    4 3.961(-0.039)
    5 5.000(0.000)
    4 4.079(0.079)
    3 3.063(0.063)
    3 2.983(-0.017)
    4 3.963(-0.037)
    2 2.839(0.839)
    2 2.144(0.144)
    5 5.000(0.000)
    5 5.000(0.000)
    2 2.226(0.226)
    5 5.000(0.000)
    5 4.731(-0.269)
    4 4.023(0.023)
    4 4.166(0.166)
    5 4.726(-0.274)
    5 5.000(0.000)
    4 3.981(-0.019)
    4 4.029(0.029)
    5 5.000(0.000)
    1 1.173(0.173)
    5 5.000(0.000)
    4 3.866(-0.134)
    2 2.229(0.229)
    4 4.009(0.009)
    2 2.084(0.084)
    5 5.000(0.000)
    1 1.533(0.533)
    4 3.990(-0.010)
    4 3.913(-0.087)
    5 4.495(-0.505)
    4 3.974(-0.026)
    5 5.000(0.000)
    4 3.842(-0.158)
    4 3.828(-0.172)
    4 3.839(-0.161)
    4 3.668(-0.332)
    5 4.894(-0.106)
    2 1.802(-0.198)
    3 3.439(0.439)
    4 3.978(-0.022)
    4 3.969(-0.031)
    4 3.905(-0.095)
    4 3.988(-0.012)
    5 5.000(0.000)
    2 2.119(0.119)
    2 2.025(0.025)
    3 3.427(0.427)
    4 3.594(-0.406)
    4 3.373(-0.627)
    4 3.770(-0.230)
    4 4.033(0.033)
    2 2.528(0.528)
    3 3.056(0.056)
    2 2.840(0.840)
    4 3.926(-0.074)
    4 4.049(0.049)
    5 5.000(0.000)
    5 5.000(0.000)
    4 4.148(0.148)
    5 4.512(-0.488)
    5 5.000(0.000)
    5 4.705(-0.295)
    3 3.291(0.291)
    3 2.996(-0.004)
    5 4.949(-0.051)
    4 3.937(-0.063)
    4 3.831(-0.169)
    4 3.906(-0.094)
    5 4.693(-0.307)
    4 3.927(-0.073)
    4 4.100(0.100)
    1 3.332(2.332)
    4 3.926(-0.074)
    5 5.000(0.000)
    2 1.985(-0.015)
    1 1.255(0.255)
    1 1.055(0.055)
    5 5.000(0.000)
    1 0.993(-0.007)
    1 1.428(0.428)
    1 1.388(0.388)
    1 1.689(0.689)
    1 1.132(0.132)
    1 1.419(0.419)
    1 1.693(0.693)
    5 4.886(-0.114)
    4 4.075(0.075)
    5 5.000(0.000)
    5 5.000(0.000)
    5 5.000(0.000)
    5 5.000(0.000)
    2 2.024(0.024)
    3 2.956(-0.044)
    4 3.848(-0.152)
    5 4.337(-0.663)
    3 3.168(0.168)
    3 2.903(-0.097)
    3 3.064(0.064)
    3 2.996(-0.004)
    3 2.907(-0.093)
    3 3.029(0.029)
    1 1.011(0.011)
    1 1.096(0.096)
    2 2.220(0.220)
    3 2.903(-0.097)
    2 2.030(0.030)
    2 2.053(0.053)
    5 5.000(0.000)
    5 5.000(0.000)
    5 5.000(0.000)
    4 3.984(-0.016)
    5 5.000(0.000)
    5 5.000(0.000)
    5 4.950(-0.050)
    1 0.988(-0.012)
    1 0.980(-0.020)
    1 1.104(0.104)
    1 0.983(-0.017)
    1 1.006(0.006)
    1 0.958(-0.042)
    1 0.960(-0.040)
    1 0.983(-0.017)
    1 1.030(0.030)
    1 1.517(0.517)
    1 1.212(0.212)
    1 1.020(0.020)
    1 0.981(-0.019)
    1 0.983(-0.017)
    1 1.271(0.271)
    5 4.507(-0.493)
    4 3.428(-0.572)
    5 5.000(0.000)
    3 3.507(0.507)
    3 3.382(0.382)
    5 4.688(-0.312)
    5 4.632(-0.368)
    2 2.022(0.022)
    4 3.952(-0.048)
    5 4.378(-0.622)
    5 4.123(-0.877)
    3 3.249(0.249)
    2 2.922(0.922)
    5 5.000(0.000)
    5 5.000(0.000)
    5 5.000(0.000)
    5 5.000(0.000)
    2 2.359(0.359)
    1 0.979(-0.021)
    1 1.175(0.175)
    1 1.422(0.422)
    1 1.369(0.369)
    4 3.713(-0.287)
    3 2.988(-0.012)
    5 4.047(-0.953)
    4 3.646(-0.354)
    5 4.865(-0.135)
    3 2.962(-0.038)
    1 2.135(1.135)
    1 1.037(0.037)
    1 1.328(0.328)
    1 1.059(0.059)
    1 2.148(1.148)
    1 2.291(1.291)
    1 2.208(1.208)
    5 4.606(-0.394)
    5 4.760(-0.240)
    2 2.156(0.156)
    1 1.010(0.010)
    3 3.156(0.156)
    3 3.054(0.054)
    5 5.000(0.000)
    5 4.962(-0.038)
    5 5.000(0.000)
    5 5.000(0.000)
    2 2.183(0.183)
    5 4.682(-0.318)
    5 5.000(0.000)
    1 0.998(-0.002)
    2 2.000(0.000)
    2 2.001(0.001)
    5 4.378(-0.622)
    1 1.477(0.477)
    5 4.880(-0.120)
    5 5.000(0.000)
    4 3.813(-0.187)
    5 4.742(-0.258)
    5 4.860(-0.140)
    5 4.872(-0.128)
    5 4.965(-0.035)
    5 4.578(-0.422)
    1 1.189(0.189)
    2 2.002(0.002)
    5 4.443(-0.557)
    5 4.680(-0.320)
    5 4.388(-0.612)
    5 4.164(-0.836)
    3 3.185(0.185)
    4 3.925(-0.075)
    1 1.080(0.080)
    5 5.000(0.000)
    5 5.000(0.000)
    3 3.251(0.251)
    2 2.080(0.080)
    1 1.005(0.005)
    1 1.002(0.002)
    5 4.971(-0.029)
    5 4.890(-0.110)
    5 4.973(-0.027)
    2 2.738(0.738)
    4 3.976(-0.024)
    3 3.023(0.023)
    1 1.136(0.136)
    5 4.786(-0.214)
    5 4.451(-0.549)
    4 3.373(-0.627)
    5 4.773(-0.227)
    5 4.839(-0.161)
    5 4.267(-0.733)
    5 4.356(-0.644)
    4 4.004(0.004)
    5 4.499(-0.501)
    4 4.148(0.148)
    4 4.031(0.031)
    4 3.853(-0.147)
    1 1.800(0.800)
    4 4.001(0.001)
    5 4.948(-0.052)
    5 5.000(0.000)
    5 5.000(0.000)
    4 3.775(-0.225)
    5 5.000(0.000)
    4 4.006(0.006)
    5 4.825(-0.175)
    4 4.026(0.026)
    4 3.923(-0.077)
    4 4.079(0.079)
    1 1.100(0.100)
    1 1.519(0.519)
    1 1.399(0.399)
    1 0.996(-0.004)
    1 1.518(0.518)
    1 1.112(0.112)
    1 1.245(0.245)
    4 4.045(0.045)
    4 3.907(-0.093)
    4 3.935(-0.065)
    4 3.931(-0.069)
    5 5.000(0.000)
    5 5.000(0.000)
    5 4.862(-0.138)
    4 3.741(-0.259)
    5 4.979(-0.021)
    5 5.000(0.000)
    5 4.303(-0.697)
    5 5.000(0.000)
    5 4.823(-0.177)
    2 2.547(0.547)
    1 1.372(0.372)
    5 4.453(-0.547)
    3 3.185(0.185)
    3 2.920(-0.080)
    5 5.000(0.000)
    4 3.956(-0.044)
    5 5.000(0.000)
    5 5.000(0.000)
    5 4.716(-0.284)
    5 4.766(-0.234)
    5 4.683(-0.317)
    5 4.494(-0.506)
    4 4.083(0.083)
    5 4.525(-0.475)
    5 4.504(-0.496)
    5 4.341(-0.659)
    5 4.249(-0.751)
    5 5.000(0.000)
    5 4.732(-0.268)
    4 4.035(0.035)
    3 3.074(0.074)
    2 1.997(-0.003)
    5 4.710(-0.290)
    5 5.000(0.000)
    5 5.000(0.000)
    5 5.000(0.000)
    1 1.244(0.244)
    5 4.822(-0.178)
    5 5.000(0.000)
    4 3.843(-0.157)
    3 3.094(0.094)
    4 3.973(-0.027)
    4 3.985(-0.015)
    4 3.840(-0.160)
    4 4.061(0.061)
    5 5.000(0.000)
    5 5.000(0.000)
    5 5.000(0.000)
    1 0.993(-0.007)
    1 1.004(0.004)
    5 4.836(-0.164)
    4 3.972(-0.028)
    3 3.058(0.058)
    1 0.995(-0.005)
    1 0.998(-0.002)
    1 1.219(0.219)
    4 4.036(0.036)
    5 4.787(-0.213)
    5 5.000(0.000)
    5 5.000(0.000)
    4 3.994(-0.006)
    3 3.080(0.080)
    4 4.087(0.087)
    4 4.196(0.196)
    5 4.983(-0.017)
    4 3.924(-0.076)
    4 3.775(-0.225)
    4 4.066(0.066)
    4 4.003(0.003)
    5 4.436(-0.564)
    3 3.042(0.042)
    5 4.970(-0.030)
    4 3.990(-0.010)
    4 3.786(-0.214)
    5 4.739(-0.261)
    4 3.887(-0.113)
    1 1.251(0.251)
    2 2.615(0.615)
    2 1.939(-0.061)
    4 3.789(-0.211)
    5 4.588(-0.412)
    4 4.074(0.074)
    2 2.897(0.897)
    5 4.358(-0.642)
    5 4.859(-0.141)
    4 3.825(-0.175)
    3 3.284(0.284)
    5 5.000(0.000)
    5 5.000(0.000)
    3 3.007(0.007)
    4 3.922(-0.078)
    4 4.050(0.050)
    4 3.925(-0.075)
    4 4.038(0.038)
    4 4.058(0.058)
    5 4.650(-0.350)
    1 1.496(0.496)
    5 4.528(-0.472)
    5 4.982(-0.018)
    5 5.000(0.000)
    3 3.221(0.221)
    3 3.187(0.187)
    3 3.057(0.057)
    5 5.000(0.000)
    5 5.000(0.000)
    4 3.961(-0.039)
    2 2.748(0.748)
    5 5.000(0.000)
    1 1.242(0.242)
    5 5.000(0.000)
    5 5.000(0.000)
    4 4.200(0.200)
    5 4.490(-0.510)
    1 0.991(-0.009)
    1 1.006(0.006)
    4 4.042(0.042)
    5 4.491(-0.509)
    4 4.062(0.062)
    4 3.994(-0.006)
    4 3.964(-0.036)
    2 2.027(0.027)
    2 2.049(0.049)
    1 1.004(0.004)
    1 1.003(0.003)
    1 0.992(-0.008)
    5 4.764(-0.236)
    4 3.911(-0.089)
    4 4.100(0.100)
    5 5.000(0.000)
    5 4.672(-0.328)
    5 4.095(-0.905)
    2 2.050(0.050)
    5 4.787(-0.213)
    3 2.784(-0.216)
    4 3.856(-0.144)
    4 4.129(0.129)
    4 3.817(-0.183)
    5 4.960(-0.040)
    5 5.000(0.000)
    4 3.628(-0.372)
    4 4.058(0.058)
    4 4.072(0.072)
    4 4.137(0.137)
    1 0.980(-0.020)
    2 1.972(-0.028)
    5 4.779(-0.221)
    3 2.872(-0.128)
    2 1.998(-0.002)
    5 4.862(-0.138)
    4 3.908(-0.092)
    5 4.779(-0.221)
    5 3.955(-1.045)
    2 2.366(0.366)
    4 3.944(-0.056)
    5 4.785(-0.215)
    4 4.079(0.079)
    1 1.332(0.332)
    4 4.049(0.049)
    5 4.869(-0.131)
    3 3.100(0.100)
    1 1.558(0.558)
    5 4.728(-0.272)
    5 4.983(-0.017)
    4 4.210(0.210)
    1 0.995(-0.005)
    1 1.814(0.814)
    4 3.863(-0.137)
    4 3.979(-0.021)
    2 1.986(-0.014)
    1 1.124(0.124)
    5 4.233(-0.767)
    4 3.963(-0.037)
    4 4.055(0.055)
    5 5.000(0.000)
    4 3.919(-0.081)
    1 1.000(0.000)
    1 1.212(0.212)
    5 4.421(-0.579)
    5 5.000(0.000)
    5 4.945(-0.055)
    1 1.307(0.307)
    4 3.960(-0.040)
    5 5.000(0.000)
    4 3.911(-0.089)
    5 5.000(0.000)
    5 5.000(0.000)
    5 5.000(0.000)
    5 5.000(0.000)
    3 2.958(-0.042)
    1 2.052(1.052)
    3 3.007(0.007)
    4 3.781(-0.219)
    1 1.430(0.430)
    5 5.000(0.000)
    4 3.972(-0.028)
    4 3.643(-0.357)
    5 5.000(0.000)
    5 5.000(0.000)
    1 2.253(1.253)
    3 2.979(-0.021)
    5 4.812(-0.188)
    5 5.000(0.000)
    4 4.100(0.100)
    4 4.087(0.087)
    1 0.953(-0.047)
    5 4.697(-0.303)
    1 0.991(-0.009)
    5 4.230(-0.770)
    5 4.364(-0.636)
    5 4.593(-0.407)
    5 4.938(-0.062)
    5 4.976(-0.024)
    5 4.993(-0.007)
    3 3.326(0.326)
    3 3.007(0.007)
    4 3.803(-0.197)
    4 3.920(-0.080)
    5 5.000(0.000)
    4 3.943(-0.057)
    4 3.987(-0.013)
    4 3.968(-0.032)
    3 2.989(-0.011)
    2 2.430(0.430)
    3 3.399(0.399)
    3 2.990(-0.010)
    4 4.077(0.077)
    1 0.994(-0.006)
    2 2.404(0.404)
    4 3.913(-0.087)
    1 2.176(1.176)
    2 2.133(0.133)
    5 5.000(0.000)
    5 5.000(0.000)
    5 5.000(0.000)
    4 3.994(-0.006)
    5 4.280(-0.720)
    3 3.364(0.364)
    3 3.065(0.065)
    5 5.000(0.000)
    2 1.992(-0.008)
    5 4.453(-0.547)
    2 2.439(0.439)
    3 2.846(-0.154)
    4 3.906(-0.094)
    5 4.807(-0.193)
    5 4.782(-0.218)
    4 3.940(-0.060)
    4 4.096(0.096)
    1 1.010(0.010)
    4 3.914(-0.086)
    5 5.000(0.000)
    3 2.996(-0.004)
    5 5.000(0.000)
    5 5.000(0.000)
    4 3.910(-0.090)
    4 4.069(0.069)
    5 5.000(0.000)
    3 2.966(-0.034)
    5 4.389(-0.611)
    2 2.332(0.332)
    4 3.838(-0.162)
    1 0.995(-0.005)
    4 4.034(0.034)
    4 3.978(-0.022)
    5 4.969(-0.031)
    4 4.081(0.081)
    5 4.166(-0.834)
    4 3.831(-0.169)
    4 4.100(0.100)
    4 3.792(-0.208)
    4 3.908(-0.092)
    4 3.805(-0.195)
    2 2.024(0.024)
    2 3.568(1.568)
    2 3.606(1.606)
    4 3.974(-0.026)
    3 2.946(-0.054)
    1 0.969(-0.031)
    5 5.000(0.000)
    5 5.000(0.000)
    4 4.064(0.064)
    4 4.192(0.192)
    4 3.981(-0.019)
    4 3.975(-0.025)
    4 3.911(-0.089)
    5 4.413(-0.587)
    5 4.481(-0.519)
    4 3.983(-0.017)
    4 3.918(-0.082)
    4 3.923(-0.077)
    4 3.826(-0.174)
    4 3.638(-0.362)
    2 2.418(0.418)
    2 2.121(0.121)
    3 2.988(-0.012)
    5 5.000(0.000)
    5 4.726(-0.274)
    5 4.776(-0.224)
    4 3.985(-0.015)
    2 2.297(0.297)
    2 2.110(0.110)
    5 4.780(-0.220)
    5 4.784(-0.216)
    5 4.449(-0.551)

Average Error: 0.187
Correlation: 0.980
Inversion Count: 882
