    5 5.000(0.000)
    5 5.000(0.000)
    5 5.000(0.000)
    5 5.000(0.000)
    5 5.000(0.000)
    5 5.000(0.000)
    5 5.000(0.000)
    2 2.102(0.102)
    1 1.182(0.182)
    1 1.195(0.195)
    1 1.108(0.108)
    2 2.272(0.272)
    5 4.628(-0.372)
    1 1.188(0.188)
    2 2.318(0.318)
    2 2.432(0.432)
    2 2.119(0.119)
    2 2.023(0.023)
    2 2.052(0.052)
    2 2.277(0.277)
    4 4.111(0.111)
    4 3.972(-0.028)
    4 4.023(0.023)
    4 3.868(-0.132)
    4 3.822(-0.178)
    5 4.486(-0.514)
    4 3.829(-0.171)
    4 4.176(0.176)
    2 2.351(0.351)
    5 4.465(-0.535)
    5 5.000(0.000)
    5 5.000(0.000)
    5 4.828(-0.172)
    5 4.684(-0.316)
    3 3.301(0.301)
    5 4.607(-0.393)
    5 4.752(-0.248)
    5 4.641(-0.359)
    4 4.138(0.138)
    5 4.700(-0.300)
    5 4.651(-0.349)
    5 4.945(-0.055)
    4 4.048(0.048)
    4 4.072(0.072)
    4 3.908(-0.092)
    4 3.762(-0.238)
    4 3.766(-0.234)
    4 3.903(-0.097)
    4 4.145(0.145)
    5 4.728(-0.272)
    2 2.344(0.344)
    4 3.968(-0.032)
    5 4.781(-0.219)
    4 3.980(-0.020)
    5 4.425(-0.575)
    5 4.623(-0.377)
    5 4.943(-0.057)
    5 5.000(0.000)
    5 4.626(-0.374)
    5 4.835(-0.165)
    5 4.908(-0.092)
    5 4.856(-0.144)
    5 4.935(-0.065)
    5 4.764(-0.236)
    5 4.296(-0.704)
    4 4.005(0.005)
    5 4.364(-0.636)
    5 4.236(-0.764)
    4 3.822(-0.178)
    4 3.952(-0.048)
    4 3.953(-0.047)
    4 3.844(-0.156)
    4 3.961(-0.039)
    5 5.000(0.000)
    5 5.000(0.000)
    5 5.000(0.000)
    5 5.000(0.000)
    5 5.000(0.000)
    5 5.000(0.000)
    5 5.000(0.000)
    1 0.913(-0.087)
    1 1.189(0.189)
    1 1.205(0.205)
    1 1.209(0.209)
    1 1.209(0.209)
    1 1.197(0.197)
    1 1.161(0.161)
    1 1.183(0.183)
    1 1.193(0.193)
    1 1.186(0.186)
    5 5.000(0.000)
    2 2.123(0.123)
    4 3.983(-0.017)
    5 4.638(-0.362)
    5 4.739(-0.261)
    5 4.603(-0.397)
    5 4.752(-0.248)
    4 3.966(-0.034)
    5 4.719(-0.281)
    5 4.951(-0.049)
    4 4.048(0.048)
    5 5.000(0.000)
    5 5.000(0.000)
    5 4.826(-0.174)
    5 5.000(0.000)
    5 5.000(0.000)
    5 4.659(-0.341)
    5 5.000(0.000)
    5 5.000(0.000)
    5 4.659(-0.341)
    3 3.311(0.311)
    4 3.995(-0.005)
    3 2.975(-0.025)
    2 2.331(0.331)
    3 3.367(0.367)
    4 4.090(0.090)
    3 3.406(0.406)
    3 3.122(0.122)
    4 3.692(-0.308)
    4 3.820(-0.180)
    5 4.823(-0.177)
    5 4.750(-0.250)
    5 4.250(-0.750)
    5 4.730(-0.270)
    5 5.000(0.000)
    5 5.000(0.000)
    5 4.908(-0.092)
    5 4.640(-0.360)
    5 4.699(-0.301)
    2 2.473(0.473)
    5 4.644(-0.356)
    5 4.720(-0.280)
    5 4.765(-0.235)
    5 4.909(-0.091)
    5 4.736(-0.264)
    5 4.778(-0.222)
    5 4.897(-0.103)
    5 4.674(-0.326)
    4 3.986(-0.014)
    5 4.834(-0.166)
    5 4.643(-0.357)
    5 4.512(-0.488)
    5 4.825(-0.175)
    5 4.700(-0.300)
    5 4.686(-0.314)
    5 5.000(0.000)
    5 4.710(-0.290)
    5 4.938(-0.062)
    5 5.000(0.000)
    5 4.952(-0.048)
    4 3.902(-0.098)
    4 3.824(-0.176)
    4 3.855(-0.145)
    3 3.137(0.137)
    5 4.952(-0.048)
    1 1.205(0.205)
    1 1.186(0.186)
    1 1.206(0.206)
    1 1.191(0.191)
    1 1.207(0.207)
    1 1.184(0.184)
    1 1.185(0.185)
    1 1.191(0.191)
    1 1.206(0.206)
    1 1.190(0.190)
    1 1.191(0.191)
    1 1.194(0.194)
    1 1.187(0.187)
    1 1.357(0.357)
    1 1.208(0.208)
    1 1.190(0.190)
    1 1.189(0.189)
    1 1.488(0.488)
    1 1.191(0.191)
    1 1.184(0.184)
    1 1.182(0.182)
    1 1.193(0.193)
    1 1.182(0.182)
    1 1.199(0.199)
    1 1.197(0.197)
    1 1.190(0.190)
    1 1.188(0.188)
    1 1.190(0.190)
    1 1.194(0.194)
    1 1.196(0.196)
    5 5.000(0.000)
    5 5.000(0.000)
    5 5.000(0.000)
    5 4.953(-0.047)
    5 4.953(-0.047)
    5 4.813(-0.187)
    5 4.897(-0.103)
    5 4.832(-0.168)
    5 5.000(0.000)
    5 5.000(0.000)
    5 5.000(0.000)
    5 5.000(0.000)
    5 5.000(0.000)
    5 4.878(-0.122)
    5 5.000(0.000)
    5 5.000(0.000)
    5 5.000(0.000)
    5 4.703(-0.297)
    5 5.000(0.000)
    5 4.804(-0.196)
    5 4.808(-0.192)
    5 5.000(0.000)
    5 5.000(0.000)
    4 4.099(0.099)
    3 3.125(0.125)
    2 2.934(0.934)
    5 4.969(-0.031)
    5 4.851(-0.149)
    5 5.000(0.000)
    5 4.667(-0.333)
    5 4.829(-0.171)
    5 4.772(-0.228)
    5 5.000(0.000)
    1 1.181(0.181)
    5 4.544(-0.456)
    5 4.824(-0.176)
    5 4.375(-0.625)
    5 4.562(-0.438)
    5 4.655(-0.345)
    5 5.000(0.000)
    5 4.931(-0.069)
    5 5.000(0.000)
    5 5.000(0.000)
    5 4.934(-0.066)
    5 4.933(-0.067)
    4 4.196(0.196)
    4 3.878(-0.122)
    2 2.458(0.458)
    1 1.632(0.632)
    3 3.014(0.014)
    4 3.845(-0.155)
    4 4.004(0.004)
    4 3.963(-0.037)
    4 4.129(0.129)
    5 4.752(-0.248)
    5 4.871(-0.129)
    5 4.896(-0.104)
    5 4.852(-0.148)
    5 4.986(-0.014)
    5 4.707(-0.293)
    5 5.000(0.000)
    5 5.000(0.000)
    5 4.919(-0.081)
    5 5.000(0.000)
    5 5.000(0.000)
    5 4.762(-0.238)
    5 4.434(-0.566)
    5 5.000(0.000)
    5 4.954(-0.046)
    5 4.974(-0.026)
    5 4.616(-0.384)
    5 4.695(-0.305)
    1 1.409(0.409)
    3 3.299(0.299)
    5 4.486(-0.514)
    5 5.000(0.000)
    4 4.077(0.077)
    4 4.230(0.230)
    4 3.840(-0.160)
    5 4.529(-0.471)
    5 4.694(-0.306)
    2 2.221(0.221)
    3 3.121(0.121)
    3 3.402(0.402)
    2 2.279(0.279)
    3 3.411(0.411)
    3 3.337(0.337)
    1 1.185(0.185)
    1 1.045(0.045)
    5 4.894(-0.106)
    1 1.196(0.196)
    1 1.199(0.199)
    1 1.318(0.318)
    1 1.733(0.733)
    1 1.192(0.192)
    1 1.567(0.567)
    1 1.433(0.433)
    1 1.066(0.066)
    4 3.997(-0.003)
    5 4.442(-0.558)
    5 4.148(-0.852)
    3 2.911(-0.089)
    4 3.929(-0.071)
    5 4.470(-0.530)
    4 4.190(0.190)
    5 4.536(-0.464)
    5 4.292(-0.708)
    5 4.763(-0.237)
    5 4.756(-0.244)
    4 4.136(0.136)
    5 4.807(-0.193)
    5 4.806(-0.194)
    5 4.353(-0.647)
    5 4.550(-0.450)
    4 4.106(0.106)
    4 4.058(0.058)
    4 4.158(0.158)
    4 3.872(-0.128)
    4 3.967(-0.033)
    4 4.030(0.030)
    4 3.830(-0.170)
    4 4.011(0.011)
    4 3.819(-0.181)
    4 3.857(-0.143)
    5 5.000(0.000)
    5 4.849(-0.151)
    5 4.927(-0.073)
    5 5.000(0.000)
    5 5.000(0.000)
    5 5.000(0.000)
    5 4.743(-0.257)
    5 5.000(0.000)
    5 4.772(-0.228)
    5 4.563(-0.437)
    5 4.453(-0.547)
    1 1.814(0.814)
    3 3.016(0.016)
    3 2.879(-0.121)
    5 4.725(-0.275)
    2 1.969(-0.031)
    4 4.127(0.127)
    4 4.012(0.012)
    5 4.788(-0.212)
    5 4.634(-0.366)
    5 4.780(-0.220)
    3 3.184(0.184)
    1 1.904(0.904)
    5 4.822(-0.178)
    4 4.214(0.214)
    5 5.000(0.000)
    5 4.450(-0.550)
    2 2.000(0.000)
    4 3.916(-0.084)
    5 4.572(-0.428)
    5 5.000(0.000)
    5 5.000(0.000)
    5 4.907(-0.093)
    5 5.000(0.000)
    5 4.815(-0.185)
    5 5.000(0.000)
    5 4.995(-0.005)
    5 5.000(0.000)
    5 4.877(-0.123)
    5 4.969(-0.031)
    5 5.000(0.000)
    5 4.784(-0.216)
    3 3.135(0.135)
    5 4.777(-0.223)
    5 4.783(-0.217)
    3 3.140(0.140)
    5 4.807(-0.193)
    5 5.000(0.000)
    5 5.000(0.000)
    5 5.000(0.000)
    5 5.000(0.000)
    5 5.000(0.000)
    5 5.000(0.000)
    5 5.000(0.000)
    5 5.000(0.000)
    5 5.000(0.000)
    5 4.849(-0.151)
    3 3.404(0.404)
    3 2.937(-0.063)
    5 4.897(-0.103)
    1 1.702(0.702)
    1 1.850(0.850)
    2 2.420(0.420)
    4 3.941(-0.059)
    1 1.605(0.605)
    2 2.280(0.280)
    5 4.768(-0.232)
    1 1.829(0.829)
    2 2.700(0.700)
    2 2.217(0.217)
    5 4.444(-0.556)
    5 4.863(-0.137)
    5 4.747(-0.253)
    1 1.331(0.331)
    5 4.798(-0.202)
    4 4.200(0.200)
    2 2.233(0.233)
    5 4.829(-0.171)
    5 5.000(0.000)
    5 4.987(-0.013)
    5 5.000(0.000)
    5 5.000(0.000)
    3 3.027(0.027)
    5 4.312(-0.688)
    5 4.091(-0.909)
    2 2.139(0.139)
    3 3.057(0.057)
    3 3.138(0.138)
    3 2.948(-0.052)
    4 4.055(0.055)
    4 4.045(0.045)
    4 4.008(0.008)
    4 4.195(0.195)
    4 4.361(0.361)
    4 3.820(-0.180)
    4 4.190(0.190)
    5 4.786(-0.214)
    4 4.006(0.006)
    4 4.087(0.087)
    5 4.891(-0.109)
    5 4.405(-0.595)
    5 5.000(0.000)
    3 2.981(-0.019)
    5 5.000(0.000)
    5 4.863(-0.137)
    5 4.828(-0.172)
    2 2.123(0.123)
    5 4.714(-0.286)
    1 1.246(0.246)
    5 5.000(0.000)
    5 5.000(0.000)
    5 5.000(0.000)
    5 5.000(0.000)
    5 5.000(0.000)
    5 5.000(0.000)
    5 5.000(0.000)
    5 5.000(0.000)
    5 4.620(-0.380)
    5 4.799(-0.201)
    5 4.970(-0.030)
    4 3.852(-0.148)
    2 2.396(0.396)
    5 4.702(-0.298)
    5 4.558(-0.442)
    5 4.569(-0.431)
    5 4.952(-0.048)
    5 4.901(-0.099)
    5 4.772(-0.228)
    4 3.881(-0.119)
    5 4.729(-0.271)
    5 5.000(0.000)
    4 4.319(0.319)
    5 4.679(-0.321)
    4 4.120(0.120)
    5 4.683(-0.317)
    5 4.801(-0.199)
    5 4.699(-0.301)
    3 3.127(0.127)
    3 3.118(0.118)
    3 3.128(0.128)
    3 2.959(-0.041)
    3 3.172(0.172)
    3 2.863(-0.137)
    3 2.887(-0.113)
    3 3.136(0.136)
    3 3.013(0.013)
    3 3.129(0.129)
    3 3.007(0.007)
    3 2.899(-0.101)
    3 2.995(-0.005)
    3 2.948(-0.052)
    3 2.883(-0.117)
    3 2.842(-0.158)
    3 2.884(-0.116)
    3 3.000(0.000)
    3 3.124(0.124)
    3 2.963(-0.037)
    3 2.843(-0.157)
    3 3.067(0.067)
    3 3.106(0.106)
    3 2.747(-0.253)
    5 5.000(0.000)
    1 1.192(0.192)
    5 4.863(-0.137)
    4 4.058(0.058)
    5 4.838(-0.162)
    5 5.000(0.000)
    4 3.987(-0.013)
    5 4.650(-0.350)
    3 3.045(0.045)
    4 3.948(-0.052)
    5 5.000(0.000)
    5 4.954(-0.046)
    5 5.000(0.000)
    5 4.808(-0.192)
    5 4.600(-0.400)
    5 4.832(-0.168)
    5 4.971(-0.029)
    5 4.728(-0.272)
    5 4.505(-0.495)
    5 4.801(-0.199)
    5 4.736(-0.264)
    5 5.000(0.000)
    4 3.873(-0.127)
    5 4.778(-0.222)
    5 4.771(-0.229)
    3 3.187(0.187)
    5 5.000(0.000)
    4 4.059(0.059)
    4 4.165(0.165)
    5 4.604(-0.396)
    5 4.922(-0.078)
    1 1.955(0.955)
    4 4.170(0.170)
    4 3.913(-0.087)
    4 4.123(0.123)
    5 4.535(-0.465)
    4 4.008(0.008)
    5 4.585(-0.415)
    5 4.620(-0.380)
    1 1.185(0.185)
    5 4.987(-0.013)
    5 5.000(0.000)
    5 4.920(-0.080)
    5 5.000(0.000)
    5 5.000(0.000)
    5 5.000(0.000)
    5 4.952(-0.048)
    5 5.000(0.000)
    5 5.000(0.000)
    5 5.000(0.000)
    5 5.000(0.000)
    5 5.000(0.000)
    5 4.244(-0.756)
    5 4.959(-0.041)
    4 3.814(-0.186)
    4 3.879(-0.121)
    5 4.438(-0.562)
    5 4.616(-0.384)
    5 4.284(-0.716)
    4 4.028(0.028)
    5 4.406(-0.594)
    5 4.649(-0.351)
    4 3.941(-0.059)
    5 4.245(-0.755)
    5 5.000(0.000)
    5 5.000(0.000)
    5 5.000(0.000)
    3 2.811(-0.189)
    5 5.000(0.000)
    5 5.000(0.000)
    5 5.000(0.000)
    5 5.000(0.000)
    5 5.000(0.000)
    3 3.221(0.221)
    5 4.833(-0.167)
    4 3.861(-0.139)
    2 2.156(0.156)
    5 5.000(0.000)
    3 3.162(0.162)
    3 3.051(0.051)
    3 2.940(-0.060)
    3 3.127(0.127)
    3 2.822(-0.178)
    3 3.192(0.192)
    5 5.000(0.000)
    4 4.182(0.182)
    5 4.736(-0.264)
    5 4.952(-0.048)
    5 4.886(-0.114)
    5 4.799(-0.201)
    5 4.784(-0.216)
    5 4.937(-0.063)
    5 5.000(0.000)
    5 4.698(-0.302)
    5 4.798(-0.202)
    5 4.334(-0.666)
    5 4.874(-0.126)
    5 4.858(-0.142)
    5 4.968(-0.032)
    5 4.485(-0.515)
    5 4.764(-0.236)
    5 5.000(0.000)
    5 5.000(0.000)
    5 5.000(0.000)
    5 5.000(0.000)
    5 5.000(0.000)
    5 5.000(0.000)
    2 2.048(0.048)
    2 1.838(-0.162)
    4 4.065(0.065)
    5 4.790(-0.210)
    5 4.789(-0.211)
    5 4.820(-0.180)
    3 3.208(0.208)
    5 5.000(0.000)
    5 4.591(-0.409)
    5 5.000(0.000)
    5 4.899(-0.101)
    2 2.391(0.391)
    4 4.208(0.208)
    2 2.828(0.828)
    4 3.881(-0.119)
    4 4.007(0.007)
    2 2.368(0.368)
    2 2.429(0.429)
    4 4.145(0.145)
    2 2.458(0.458)
    4 3.835(-0.165)
    4 3.994(-0.006)
    4 3.978(-0.022)
    5 4.692(-0.308)
    5 4.570(-0.430)
    5 4.334(-0.666)
    4 3.875(-0.125)
    5 4.683(-0.317)
    5 4.937(-0.063)
    5 5.000(0.000)
    5 4.822(-0.178)
    5 5.000(0.000)
    5 4.460(-0.540)
    5 4.579(-0.421)
    5 4.878(-0.122)
    5 4.839(-0.161)
    1 0.981(-0.019)
    5 4.309(-0.691)
    5 4.837(-0.163)
    5 4.534(-0.466)
    5 4.777(-0.223)
    5 4.758(-0.242)
    5 4.793(-0.207)
    5 4.298(-0.702)
    5 4.909(-0.091)
    2 2.402(0.402)
    5 4.910(-0.090)
    5 4.700(-0.300)
    4 4.190(0.190)
    4 3.931(-0.069)
    4 3.915(-0.085)
    5 5.000(0.000)
    5 4.827(-0.173)
    2 2.029(0.029)
    2 2.000(0.000)
    2 1.924(-0.076)
    2 2.000(0.000)
    5 4.535(-0.465)
    5 4.838(-0.162)
    2 2.200(0.200)
    2 2.196(0.196)
    1 1.207(0.207)
    1 1.194(0.194)
    5 4.862(-0.138)
    5 4.585(-0.415)
    5 5.000(0.000)
    5 4.746(-0.254)
    5 4.953(-0.047)
    5 5.000(0.000)
    5 5.000(0.000)
    5 4.605(-0.395)
    5 4.545(-0.455)
    1 1.003(0.003)
    1 1.695(0.695)
    5 4.864(-0.136)
    5 4.427(-0.573)
    5 4.268(-0.732)
    1 1.165(0.165)
    5 4.702(-0.298)
    4 4.178(0.178)
    5 4.714(-0.286)
    5 4.598(-0.402)
    5 4.568(-0.432)
    5 4.917(-0.083)
    5 5.000(0.000)
    5 5.000(0.000)
    5 4.819(-0.181)
    5 4.660(-0.340)
    5 4.894(-0.106)
    5 5.000(0.000)
    5 4.348(-0.652)
    1 1.182(0.182)
    1 1.185(0.185)
    1 1.198(0.198)
    1 1.189(0.189)
    1 1.311(0.311)
    4 3.831(-0.169)
    1 1.428(0.428)
    3 2.873(-0.127)
    5 5.000(0.000)
    5 4.774(-0.226)
    5 5.000(0.000)
    5 5.000(0.000)
    5 5.000(0.000)
    5 5.000(0.000)
    5 5.000(0.000)
    5 4.908(-0.092)
    5 4.750(-0.250)
    5 4.891(-0.109)
    5 4.952(-0.048)
    2 2.754(0.754)
    5 4.612(-0.388)
    5 5.000(0.000)
    4 4.005(0.005)
    3 2.908(-0.092)
    3 3.528(0.528)
    3 2.855(-0.145)
    5 4.868(-0.132)
    5 4.916(-0.084)
    5 4.708(-0.292)
    5 4.848(-0.152)
    5 4.951(-0.049)
    5 4.599(-0.401)
    4 3.943(-0.057)
    5 4.874(-0.126)
    5 5.000(0.000)
    5 5.000(0.000)
    5 5.000(0.000)
    5 5.000(0.000)
    5 5.000(0.000)
    5 5.000(0.000)
    5 5.000(0.000)
    3 2.994(-0.006)
    4 4.039(0.039)
    5 4.857(-0.143)
    5 4.658(-0.342)
    4 4.175(0.175)
    5 4.856(-0.144)
    2 2.015(0.015)
    5 4.922(-0.078)
    5 4.950(-0.050)
    5 4.911(-0.089)
    5 5.000(0.000)
    5 4.951(-0.049)
    5 5.000(0.000)
    5 4.913(-0.087)
    5 4.754(-0.246)
    5 4.893(-0.107)
    5 4.804(-0.196)
    5 5.000(0.000)
    5 4.949(-0.051)
    5 5.000(0.000)
    4 4.066(0.066)
    4 3.911(-0.089)
    4 4.184(0.184)
    5 5.000(0.000)
    4 4.209(0.209)
    4 4.132(0.132)
    5 4.786(-0.214)
    5 4.808(-0.192)
    5 4.793(-0.207)
    5 4.790(-0.210)
    5 4.839(-0.161)
    5 4.588(-0.412)
    5 4.691(-0.309)
    5 4.800(-0.200)
    5 4.364(-0.636)
    5 5.000(0.000)
    5 4.949(-0.051)
    5 5.000(0.000)
    5 5.000(0.000)
    5 5.000(0.000)
    4 4.109(0.109)
    3 3.183(0.183)
    5 4.861(-0.139)
    4 4.144(0.144)
    2 2.125(0.125)
    2 2.192(0.192)
    4 4.135(0.135)
    1 1.556(0.556)
    5 5.000(0.000)
    5 5.000(0.000)
    5 4.772(-0.228)
    5 5.000(0.000)
    5 5.000(0.000)
    5 5.000(0.000)
    5 5.000(0.000)
    5 5.000(0.000)
    5 5.000(0.000)
    5 4.775(-0.225)
    5 5.000(0.000)
    5 5.000(0.000)
    5 5.000(0.000)
    5 5.000(0.000)
    5 5.000(0.000)
    5 4.909(-0.091)
    5 4.898(-0.102)
    5 4.922(-0.078)
    5 4.566(-0.434)
    5 4.912(-0.088)
    5 4.694(-0.306)
    5 5.000(0.000)
    5 4.879(-0.121)
    5 5.000(0.000)
    5 5.000(0.000)
    5 4.911(-0.089)
    5 5.000(0.000)
    5 4.773(-0.227)
    5 4.894(-0.106)
    5 4.645(-0.355)
    5 4.836(-0.164)
    5 4.790(-0.210)
    5 4.883(-0.117)
    4 4.074(0.074)
    5 4.800(-0.200)
    5 4.804(-0.196)
    5 4.847(-0.153)
    1 1.208(0.208)
    5 5.000(0.000)
    5 5.000(0.000)
    5 5.000(0.000)
    5 5.000(0.000)
    5 5.000(0.000)
    5 5.000(0.000)
    5 5.000(0.000)
    5 5.000(0.000)
    5 5.000(0.000)
    5 5.000(0.000)
    5 5.000(0.000)
    5 5.000(0.000)
    5 5.000(0.000)
    5 5.000(0.000)
    5 5.000(0.000)
    5 5.000(0.000)
    5 5.000(0.000)
    5 5.000(0.000)
    5 5.000(0.000)
    5 5.000(0.000)
    5 5.000(0.000)
    4 3.740(-0.260)
    3 3.153(0.153)
    5 4.567(-0.433)
    4 4.129(0.129)
    3 3.178(0.178)
    5 4.612(-0.388)
    5 4.808(-0.192)
    5 4.950(-0.050)
    2 2.463(0.463)
    5 4.698(-0.302)
    3 3.159(0.159)
    3 2.888(-0.112)
    3 3.135(0.135)
    3 3.155(0.155)
    3 2.930(-0.070)
    4 3.906(-0.094)
    4 3.908(-0.092)
    4 3.863(-0.137)
    4 4.008(0.008)
    4 4.077(0.077)
    4 3.861(-0.139)
    4 4.205(0.205)
    4 4.146(0.146)
    4 4.095(0.095)
    5 5.000(0.000)
    3 3.192(0.192)
    5 4.614(-0.386)
    5 4.862(-0.138)
    5 5.000(0.000)
    5 4.876(-0.124)
    5 4.950(-0.050)
    5 5.000(0.000)
    5 4.832(-0.168)
    5 5.000(0.000)
    5 5.000(0.000)
    5 5.000(0.000)
    5 4.753(-0.247)
    5 5.000(0.000)
    5 4.906(-0.094)
    5 4.904(-0.096)
    5 5.000(0.000)
    5 5.000(0.000)
    5 5.000(0.000)
    5 5.000(0.000)
    5 4.908(-0.092)
    5 4.744(-0.256)
    5 4.449(-0.551)
    2 2.115(0.115)
    5 4.700(-0.300)
    5 4.617(-0.383)
    5 4.829(-0.171)
    5 4.924(-0.076)
    5 4.954(-0.046)
    5 4.819(-0.181)
    5 4.787(-0.213)
    5 4.599(-0.401)
    5 5.000(0.000)
    5 5.000(0.000)
    5 5.000(0.000)
    5 5.000(0.000)
    5 4.734(-0.266)
    5 4.890(-0.110)
    2 2.030(0.030)
    5 4.721(-0.279)
    5 4.393(-0.607)
    4 3.979(-0.021)
    4 4.050(0.050)
    5 4.951(-0.049)
    4 4.113(0.113)
    5 5.000(0.000)
    4 3.846(-0.154)
    5 4.663(-0.337)
    5 5.000(0.000)
    5 4.657(-0.343)
    5 4.752(-0.248)
    5 4.459(-0.541)
    5 4.435(-0.565)
    5 4.570(-0.430)
    5 5.000(0.000)
    5 4.680(-0.320)
    5 4.553(-0.447)
    5 5.000(0.000)
    5 5.000(0.000)
    5 4.707(-0.293)
    4 3.838(-0.162)
    5 5.000(0.000)
    5 4.779(-0.221)
    5 4.950(-0.050)
    5 4.803(-0.197)
    4 3.954(-0.046)
    4 3.998(-0.002)
    4 3.883(-0.117)
    5 5.000(0.000)
    4 4.024(0.024)
    4 4.107(0.107)
    5 4.907(-0.093)
    5 5.000(0.000)
    1 1.191(0.191)
    5 4.837(-0.163)
    1 1.199(0.199)
    1 1.047(0.047)
    1 1.194(0.194)
    1 1.202(0.202)
    1 1.048(0.048)
    5 4.986(-0.014)
    2 2.121(0.121)
    5 5.000(0.000)
    1 1.213(0.213)
    5 5.000(0.000)
    5 4.948(-0.052)
    5 5.000(0.000)
    4 3.951(-0.049)
    5 4.699(-0.301)
    3 3.146(0.146)
    3 3.100(0.100)
    3 3.175(0.175)
    5 4.813(-0.187)
    5 5.000(0.000)
    3 2.941(-0.059)
    3 3.122(0.122)
    3 2.952(-0.048)
    3 2.918(-0.082)
    3 3.194(0.194)
    3 2.827(-0.173)
    3 3.109(0.109)
    3 3.204(0.204)
    5 4.854(-0.146)
    5 4.861(-0.139)
    5 5.000(0.000)
    5 4.799(-0.201)
    5 4.746(-0.254)
    5 4.949(-0.051)
    5 4.900(-0.100)
    5 4.474(-0.526)
    5 4.807(-0.193)
    5 4.864(-0.136)
    5 4.818(-0.182)
    5 4.762(-0.238)
    5 4.386(-0.614)
    5 4.672(-0.328)
    5 4.860(-0.140)
    5 5.000(0.000)
    5 4.777(-0.223)
    5 4.709(-0.291)
    5 4.974(-0.026)
    5 5.000(0.000)
    5 4.691(-0.309)
    5 4.932(-0.068)
    5 5.000(0.000)
    5 5.000(0.000)
    5 5.000(0.000)
    1 1.203(0.203)
    5 5.000(0.000)
    5 5.000(0.000)
    5 5.000(0.000)
    5 5.000(0.000)
    5 5.000(0.000)
    5 5.000(0.000)
    5 4.913(-0.087)
    5 4.614(-0.386)
    5 4.841(-0.159)
    5 5.000(0.000)
    5 5.000(0.000)
    5 4.953(-0.047)
    5 5.000(0.000)
    5 5.000(0.000)
    5 4.987(-0.013)
    5 5.000(0.000)
    4 3.763(-0.237)
    5 4.425(-0.575)
    5 4.478(-0.522)
    5 4.619(-0.381)
    5 4.869(-0.131)
    5 4.835(-0.165)
    4 4.022(0.022)
    4 3.918(-0.082)
    5 4.763(-0.237)
    5 4.761(-0.239)
    3 3.730(0.730)
    3 3.357(0.357)
    5 4.578(-0.422)
    5 4.475(-0.525)
    4 4.057(0.057)
    2 2.724(0.724)
    5 4.693(-0.307)
    4 3.881(-0.119)
    3 2.992(-0.008)
    2 2.365(0.365)
    5 4.766(-0.234)
    5 4.829(-0.171)
    4 3.634(-0.366)
    5 4.835(-0.165)
    5 4.752(-0.248)
    4 4.162(0.162)
    5 4.827(-0.173)
    5 4.891(-0.109)
    5 4.674(-0.326)
    5 4.828(-0.172)
    5 4.524(-0.476)
    5 4.761(-0.239)
    4 3.981(-0.019)
    5 5.000(0.000)
    5 5.000(0.000)
    5 5.000(0.000)
    5 5.000(0.000)
    3 3.399(0.399)
    5 4.807(-0.193)
    4 3.983(-0.017)
    5 4.805(-0.195)
    5 4.338(-0.662)
    5 4.780(-0.220)
    5 4.594(-0.406)
    5 4.851(-0.149)
    5 5.000(0.000)
    4 3.994(-0.006)
    4 3.830(-0.170)
    4 4.046(0.046)
    3 2.903(-0.097)
    4 4.151(0.151)
    5 4.725(-0.275)
    4 3.945(-0.055)
    3 3.101(0.101)
    3 3.098(0.098)
    5 4.814(-0.186)
    5 5.000(0.000)
    5 5.000(0.000)
    5 4.785(-0.215)
    5 4.702(-0.298)
    5 5.000(0.000)
    5 5.000(0.000)
    5 5.000(0.000)
    4 4.048(0.048)
    4 3.927(-0.073)
    5 4.843(-0.157)
    5 4.724(-0.276)
    5 5.000(0.000)
    5 4.247(-0.753)
    4 4.159(0.159)
    5 4.904(-0.096)
    3 2.742(-0.258)
    5 4.383(-0.617)
    3 3.189(0.189)
    4 3.979(-0.021)
    3 2.807(-0.193)
    3 2.981(-0.019)
    3 3.008(0.008)
    3 3.193(0.193)
    5 5.000(0.000)
    5 4.709(-0.291)
    5 5.000(0.000)
    5 5.000(0.000)
    5 5.000(0.000)
    5 4.733(-0.267)
    5 4.670(-0.330)
    4 3.845(-0.155)
    1 1.048(0.048)
    5 5.000(0.000)
    3 2.997(-0.003)
    4 3.938(-0.062)
    5 5.000(0.000)
    4 3.529(-0.471)
    4 3.936(-0.064)
    5 4.555(-0.445)
    5 5.000(0.000)
    4 4.023(0.023)
    5 4.902(-0.098)
    5 4.524(-0.476)
    2 1.855(-0.145)
    5 4.539(-0.461)
    5 5.000(0.000)
    5 4.986(-0.014)
    3 2.890(-0.110)
    4 3.981(-0.019)
    5 5.000(0.000)
    5 5.000(0.000)
    5 4.836(-0.164)
    5 5.000(0.000)
    5 4.868(-0.132)
    5 4.877(-0.123)
    5 5.000(0.000)
    5 4.690(-0.310)
    3 3.096(0.096)
    5 4.815(-0.185)
    4 3.892(-0.108)
    3 3.149(0.149)
    3 2.935(-0.065)
    3 3.194(0.194)
    5 4.657(-0.343)
    5 4.716(-0.284)
    5 4.677(-0.323)
    5 4.792(-0.208)
    5 4.521(-0.479)
    5 4.421(-0.579)
    5 4.550(-0.450)
    5 4.640(-0.360)
    5 4.419(-0.581)
    5 4.589(-0.411)
    5 4.398(-0.602)
    5 4.635(-0.365)
    5 4.453(-0.547)
    5 4.723(-0.277)
    5 4.658(-0.342)
    5 4.761(-0.239)
    5 4.381(-0.619)
    5 5.000(0.000)
    4 4.175(0.175)
    5 5.000(0.000)
    5 4.757(-0.243)
    5 5.000(0.000)
    5 5.000(0.000)
    5 5.000(0.000)
    4 3.912(-0.088)
    4 3.835(-0.165)
    3 3.120(0.120)
    3 3.198(0.198)
    5 4.774(-0.226)
    5 4.679(-0.321)
    1 1.775(0.775)
    5 4.706(-0.294)
    5 4.206(-0.794)
    5 4.555(-0.445)
    4 3.886(-0.114)
    5 5.000(0.000)
    5 5.000(0.000)
    5 4.496(-0.504)
    4 3.951(-0.049)
    2 2.519(0.519)
    2 2.565(0.565)
    4 4.187(0.187)
    4 4.182(0.182)
    3 3.538(0.538)
    5 4.804(-0.196)
    5 5.000(0.000)
    4 4.203(0.203)
    5 5.000(0.000)
    5 4.804(-0.196)
    4 3.632(-0.368)
    5 5.000(0.000)
    5 4.790(-0.210)
    5 5.000(0.000)
    5 4.754(-0.246)
    5 5.000(0.000)
    3 3.594(0.594)
    5 4.758(-0.242)
    5 4.930(-0.070)
    5 4.802(-0.198)
    4 3.852(-0.148)
    1 1.183(0.183)
    1 1.211(0.211)
    1 1.204(0.204)
    1 1.187(0.187)
    1 1.191(0.191)
    1 1.208(0.208)
    1 1.212(0.212)
    1 1.208(0.208)
    1 1.184(0.184)
    1 1.205(0.205)
    1 1.185(0.185)
    5 4.990(-0.010)
    5 4.752(-0.248)
    5 5.000(0.000)
    4 4.100(0.100)
    5 5.000(0.000)
    5 5.000(0.000)
    3 3.021(0.021)
    5 4.796(-0.204)
    2 2.433(0.433)
    2 2.120(0.120)
    5 4.472(-0.528)
    5 4.895(-0.105)
    5 5.000(0.000)
    5 4.413(-0.587)
    5 4.655(-0.345)
    3 2.982(-0.018)
    2 2.527(0.527)
    3 2.979(-0.021)
    4 3.912(-0.088)
    3 3.312(0.312)
    3 3.022(0.022)
    5 5.000(0.000)
    3 3.074(0.074)
    5 4.655(-0.345)
    5 5.000(0.000)
    5 4.653(-0.347)
    5 5.000(0.000)
    5 4.640(-0.360)
    5 4.772(-0.228)
    5 4.890(-0.110)
    5 4.865(-0.135)
    5 5.000(0.000)
    5 5.000(0.000)
    5 4.932(-0.068)
    5 4.995(-0.005)
    1 1.200(0.200)
    1 1.008(0.008)
    1 0.957(-0.043)
    4 4.020(0.020)
    5 4.625(-0.375)
    5 4.810(-0.190)
    5 4.437(-0.563)
    4 3.940(-0.060)
    5 4.794(-0.206)
    5 5.000(0.000)
    5 4.478(-0.522)
    5 4.986(-0.014)
    5 5.000(0.000)
    5 4.776(-0.224)
    5 4.790(-0.210)
    5 4.167(-0.833)
    5 4.404(-0.596)
    1 1.578(0.578)
    2 3.012(1.012)
    1 1.194(0.194)
    1 1.196(0.196)
    1 1.188(0.188)
    1 1.186(0.186)
    1 1.209(0.209)
    1 1.205(0.205)
    2 2.146(0.146)
    2 1.892(-0.108)
    2 1.838(-0.162)
    2 2.071(0.071)
    2 2.114(0.114)
    2 1.864(-0.136)
    5 4.541(-0.459)
    4 4.104(0.104)
    4 3.965(-0.035)
    4 4.165(0.165)
    4 3.842(-0.158)
    4 4.078(0.078)
    4 4.159(0.159)
    4 4.117(0.117)
    4 4.010(0.010)
    4 4.006(0.006)
    4 4.097(0.097)
    4 4.179(0.179)
    4 4.107(0.107)
    4 3.972(-0.028)
    3 3.287(0.287)
    5 4.695(-0.305)
    4 4.198(0.198)
    5 5.000(0.000)
    5 4.772(-0.228)
    5 5.000(0.000)
    5 5.000(0.000)
    5 4.724(-0.276)
    1 1.182(0.182)
    5 4.762(-0.238)
    5 4.922(-0.078)
    5 4.977(-0.023)
    5 4.845(-0.155)
    5 5.000(0.000)
    5 5.000(0.000)
    5 4.607(-0.393)
    5 5.000(0.000)
    5 5.000(0.000)
    5 5.000(0.000)
    5 5.000(0.000)
    5 4.872(-0.128)
    5 5.000(0.000)
    5 5.000(0.000)
    5 4.894(-0.106)
    1 1.208(0.208)
    5 5.000(0.000)
    5 5.000(0.000)
    5 4.511(-0.489)
    5 4.769(-0.231)
    5 4.403(-0.597)
    5 4.462(-0.538)
    5 4.870(-0.130)
    5 4.681(-0.319)
    5 4.558(-0.442)
    5 4.826(-0.174)
    4 3.904(-0.096)
    2 2.125(0.125)
    5 4.901(-0.099)
    2 2.030(0.030)
    2 1.946(-0.054)
    5 4.581(-0.419)
    5 5.000(0.000)
    5 5.000(0.000)
    5 5.000(0.000)
    5 5.000(0.000)
    5 5.000(0.000)
    5 5.000(0.000)
    1 1.200(0.200)
    1 1.195(0.195)
    1 1.192(0.192)
    1 1.194(0.194)
    5 4.474(-0.526)
    4 4.135(0.135)
    5 5.000(0.000)
    5 4.528(-0.472)
    5 4.777(-0.223)
    5 4.656(-0.344)
    5 4.834(-0.166)
    5 4.761(-0.239)
    5 4.852(-0.148)
    5 4.427(-0.573)
    4 4.080(0.080)
    5 4.753(-0.247)
    5 4.570(-0.430)
    2 2.196(0.196)
    2 2.191(0.191)
    5 4.578(-0.422)
    1 1.500(0.500)
    5 4.867(-0.133)
    5 5.000(0.000)
    5 5.000(0.000)
    5 4.875(-0.125)
    5 4.775(-0.225)
    5 5.000(0.000)
    5 5.000(0.000)
    5 4.988(-0.012)
    5 5.000(0.000)
    5 4.633(-0.367)
    5 4.732(-0.268)
    3 3.120(0.120)
    3 3.149(0.149)
    1 0.956(-0.044)
    1 1.517(0.517)
    5 5.000(0.000)
    3 3.146(0.146)
    4 4.142(0.142)
    4 3.831(-0.169)
    4 3.948(-0.052)
    4 4.048(0.048)
    3 3.185(0.185)
    5 5.000(0.000)
    5 5.000(0.000)
    5 4.920(-0.080)
    5 5.000(0.000)
    3 3.129(0.129)
    5 5.000(0.000)
    5 4.897(-0.103)
    5 5.000(0.000)
    5 4.821(-0.179)
    1 1.737(0.737)
    5 4.865(-0.135)
    5 4.846(-0.154)
    5 5.000(0.000)
    5 5.000(0.000)
    5 4.605(-0.395)
    1 1.184(0.184)
    1 1.105(0.105)
    1 1.184(0.184)
    1 1.568(0.568)
    1 1.193(0.193)
    4 4.145(0.145)
    4 4.257(0.257)
    5 4.828(-0.172)
    5 4.906(-0.094)
    1 1.192(0.192)
    4 4.019(0.019)
    4 4.091(0.091)
    4 3.764(-0.236)
    5 4.912(-0.088)
    4 3.864(-0.136)
    5 4.878(-0.122)
    4 3.857(-0.143)
    5 4.935(-0.065)
    4 3.918(-0.082)
    4 3.862(-0.138)
    5 4.852(-0.148)
    5 4.935(-0.065)
    5 4.795(-0.205)
    5 4.566(-0.434)
    1 1.205(0.205)
    1 1.185(0.185)
    1 1.180(0.180)
    1 1.184(0.184)
    1 1.205(0.205)
    1 1.206(0.206)
    1 1.193(0.193)
    1 1.197(0.197)
    1 1.200(0.200)
    1 1.197(0.197)
    1 1.186(0.186)
    1 1.207(0.207)
    1 1.191(0.191)
    1 1.200(0.200)
    1 1.208(0.208)
    1 1.181(0.181)
    5 4.860(-0.140)
    5 4.717(-0.283)
    5 5.000(0.000)
    5 5.000(0.000)
    5 5.000(0.000)
    5 5.000(0.000)
    5 5.000(0.000)
    1 1.200(0.200)
    5 4.829(-0.171)
    5 4.725(-0.275)
    5 4.905(-0.095)
    5 5.000(0.000)
    5 4.796(-0.204)
    5 4.918(-0.082)
    3 3.008(0.008)
    5 4.560(-0.440)
    5 4.928(-0.072)
    5 4.754(-0.246)
    4 4.021(0.021)
    5 5.000(0.000)
    4 4.023(0.023)
    5 4.742(-0.258)
    4 3.851(-0.149)
    4 3.973(-0.027)
    4 3.950(-0.050)
    5 5.000(0.000)
    5 4.754(-0.246)
    5 4.916(-0.084)
    5 5.000(0.000)
    5 4.574(-0.426)
    5 4.713(-0.287)
    4 4.040(0.040)
    5 4.458(-0.542)
    4 3.683(-0.317)
    5 4.827(-0.173)
    3 3.154(0.154)
    5 5.000(0.000)
    5 4.652(-0.348)
    5 5.000(0.000)
    2 2.328(0.328)
    5 5.000(0.000)
    5 5.000(0.000)
    5 4.833(-0.167)
    4 4.153(0.153)
    4 4.196(0.196)
    4 4.067(0.067)
    4 3.955(-0.045)
    4 4.008(0.008)
    1 1.197(0.197)
    5 4.987(-0.013)
    5 4.817(-0.183)
    5 5.000(0.000)
    5 5.000(0.000)
    3 3.117(0.117)
    5 4.764(-0.236)
    5 5.000(0.000)
    1 1.196(0.196)
    1 1.240(0.240)
    1 1.159(0.159)
    1 1.761(0.761)
    1 1.147(0.147)
    1 1.135(0.135)
    5 5.000(0.000)
    5 5.000(0.000)
    5 5.000(0.000)
    5 5.000(0.000)
    5 4.641(-0.359)
    5 4.770(-0.230)
    5 5.000(0.000)
    5 5.000(0.000)
    5 5.000(0.000)
    4 3.955(-0.045)
    3 3.213(0.213)
    2 2.338(0.338)
    5 5.000(0.000)
    4 4.198(0.198)
    1 1.244(0.244)
    3 2.918(-0.082)
    5 5.000(0.000)
    5 4.447(-0.553)
    5 4.808(-0.192)
    1 1.353(0.353)
    5 4.648(-0.352)
    5 5.000(0.000)
    5 5.000(0.000)
    5 4.922(-0.078)
    5 5.000(0.000)
    5 5.000(0.000)
    5 5.000(0.000)
    5 4.921(-0.079)
    5 5.000(0.000)
    5 5.000(0.000)
    5 4.868(-0.132)
    5 5.000(0.000)
    5 5.000(0.000)
    5 5.000(0.000)
    5 5.000(0.000)
    5 4.930(-0.070)
    5 5.000(0.000)
    5 5.000(0.000)
    5 4.869(-0.131)
    3 3.100(0.100)
    3 3.080(0.080)
    3 2.914(-0.086)
    3 3.107(0.107)
    3 3.206(0.206)
    3 2.915(-0.085)
    3 3.123(0.123)
    5 4.907(-0.093)
    5 4.820(-0.180)
    5 5.000(0.000)
    5 4.894(-0.106)
    5 4.731(-0.269)
    2 1.858(-0.142)
    4 4.056(0.056)
    2 2.100(0.100)
    2 1.990(-0.010)
    3 2.914(-0.086)
    3 3.112(0.112)
    3 3.185(0.185)
    3 3.019(0.019)
    3 3.110(0.110)
    3 2.952(-0.048)
    3 3.111(0.111)
    3 2.852(-0.148)
    3 2.852(-0.148)
    3 3.195(0.195)
    3 3.020(0.020)
    3 2.988(-0.012)
    3 2.856(-0.144)
    3 3.490(0.490)
    3 2.855(-0.145)
    3 2.908(-0.092)
    3 3.198(0.198)
    3 3.111(0.111)
    3 2.945(-0.055)
    3 3.049(0.049)
    2 3.002(1.002)
    5 4.545(-0.455)
    5 4.351(-0.649)
    3 3.534(0.534)
    5 4.832(-0.168)
    5 4.530(-0.470)
    5 4.505(-0.495)
    4 4.146(0.146)
    5 5.000(0.000)
    5 5.000(0.000)
    5 5.000(0.000)
    5 4.861(-0.139)
    5 5.000(0.000)
    5 5.000(0.000)
    5 5.000(0.000)
    5 5.000(0.000)
    5 5.000(0.000)
    5 5.000(0.000)
    5 4.745(-0.255)
    5 5.000(0.000)
    5 4.882(-0.118)
    5 4.539(-0.461)
    3 3.000(0.000)
    5 5.000(0.000)
    5 5.000(0.000)
    5 5.000(0.000)
    5 5.000(0.000)
    5 5.000(0.000)
    4 4.333(0.333)
    2 2.413(0.413)
    4 3.945(-0.055)
    4 3.938(-0.062)
    5 4.659(-0.341)
    3 3.114(0.114)
    3 3.264(0.264)
    4 3.880(-0.120)
    4 4.197(0.197)
    3 2.861(-0.139)
    5 5.000(0.000)
    5 5.000(0.000)
    5 5.000(0.000)
    2 2.128(0.128)
    5 4.835(-0.165)
    4 3.858(-0.142)
    4 3.987(-0.013)
    4 4.038(0.038)
    5 4.952(-0.048)
    5 5.000(0.000)
    5 4.555(-0.445)
    1 1.198(0.198)
    4 3.899(-0.101)
    3 3.013(0.013)
    4 4.106(0.106)
    4 4.200(0.200)
    4 4.151(0.151)
    5 4.736(-0.264)
    5 4.772(-0.228)
    5 4.934(-0.066)
    5 4.626(-0.374)
    4 4.043(0.043)
    5 4.830(-0.170)
    5 4.728(-0.272)
    5 5.000(0.000)
    4 3.704(-0.296)
    4 4.184(0.184)
    5 5.000(0.000)
    4 4.000(0.000)
    4 3.919(-0.081)
    4 3.983(-0.017)
    5 4.701(-0.299)
    4 3.148(-0.852)
    5 4.381(-0.619)
    5 5.000(0.000)
    3 3.107(0.107)
    5 5.000(0.000)
    5 5.000(0.000)
    5 4.989(-0.011)
    5 4.952(-0.048)
    4 4.103(0.103)
    1 2.070(1.070)
    1 1.469(0.469)
    1 3.312(2.312)
    1 1.292(0.292)
    5 4.531(-0.469)
    1 1.319(0.319)
    1 1.191(0.191)
    5 5.000(0.000)
    1 1.329(0.329)
    5 4.030(-0.970)
    5 4.255(-0.745)
    1 1.648(0.648)
    1 1.384(0.384)
    1 2.143(1.143)
    1 2.406(1.406)
    1 1.550(0.550)
    1 1.105(0.105)
    5 4.779(-0.221)
    5 4.430(-0.570)
    1 1.774(0.774)
    5 4.448(-0.552)
    5 4.446(-0.554)
    1 1.339(0.339)
    1 1.403(0.403)
    1 1.341(0.341)
    5 4.705(-0.295)
    5 4.578(-0.422)
    5 5.000(0.000)
    5 5.000(0.000)
    5 4.922(-0.078)
    5 5.000(0.000)
    5 5.000(0.000)
    5 5.000(0.000)
    5 5.000(0.000)
    5 5.000(0.000)
    5 5.000(0.000)
    5 5.000(0.000)
    5 5.000(0.000)
    5 5.000(0.000)
    3 3.056(0.056)
    5 5.000(0.000)
    2 1.888(-0.112)
    1 1.187(0.187)
    5 4.484(-0.516)
    3 3.112(0.112)
    5 4.602(-0.398)
    3 2.854(-0.146)
    4 4.100(0.100)
    4 3.795(-0.205)
    3 3.104(0.104)
    5 4.783(-0.217)
    5 4.195(-0.805)
    5 4.907(-0.093)
    5 4.835(-0.165)
    4 4.006(0.006)
    5 4.604(-0.396)
    4 3.929(-0.071)
    4 4.141(0.141)
    3 2.846(-0.154)
    3 3.333(0.333)
    3 3.014(0.014)
    3 2.906(-0.094)
    5 4.934(-0.066)
    2 2.312(0.312)
    5 4.167(-0.833)
    3 3.089(0.089)
    4 4.063(0.063)
    5 5.000(0.000)
    5 5.000(0.000)
    5 4.986(-0.014)
    5 4.740(-0.260)
    5 4.522(-0.478)
    5 4.862(-0.138)
    5 4.497(-0.503)
    5 5.000(0.000)
    5 5.000(0.000)
    4 4.138(0.138)
    5 4.738(-0.262)
    4 4.115(0.115)
    4 4.049(0.049)
    5 4.335(-0.665)
    4 4.003(0.003)
    4 3.795(-0.205)
    4 3.949(-0.051)
    4 3.952(-0.048)
    4 4.095(0.095)
    4 4.188(0.188)
    4 3.982(-0.018)
    4 3.725(-0.275)
    4 4.048(0.048)
    5 5.000(0.000)
    5 5.000(0.000)
    5 4.967(-0.033)
    5 5.000(0.000)
    5 4.759(-0.241)
    5 4.543(-0.457)
    5 5.000(0.000)
    5 5.000(0.000)
    5 4.670(-0.330)
    5 4.330(-0.670)
    5 4.718(-0.282)
    5 4.953(-0.047)
    5 5.000(0.000)
    5 4.736(-0.264)
    5 4.715(-0.285)
    5 5.000(0.000)
    5 5.000(0.000)
    5 5.000(0.000)
    5 5.000(0.000)
    5 5.000(0.000)
    5 5.000(0.000)
    5 4.842(-0.158)
    5 4.572(-0.428)
    2 1.916(-0.084)
    5 4.324(-0.676)
    5 4.786(-0.214)
    5 5.000(0.000)
    5 4.824(-0.176)
    5 5.000(0.000)
    5 5.000(0.000)
    2 2.395(0.395)
    2 2.203(0.203)
    3 3.106(0.106)
    3 3.017(0.017)
    3 3.055(0.055)
    5 4.814(-0.186)
    5 4.656(-0.344)
    5 4.712(-0.288)
    2 2.634(0.634)
    5 4.797(-0.203)
    4 4.055(0.055)
    4 4.022(0.022)
    4 4.153(0.153)
    5 4.456(-0.544)
    4 4.070(0.070)
    4 3.905(-0.095)
    5 4.759(-0.241)
    5 4.916(-0.084)
    5 4.711(-0.289)
    5 4.796(-0.204)
    5 4.743(-0.257)
    5 4.607(-0.393)
    5 4.764(-0.236)
    5 4.416(-0.584)
    5 4.648(-0.352)
    5 5.000(0.000)
    5 4.868(-0.132)
    1 1.189(0.189)
    1 1.182(0.182)
    1 1.199(0.199)
    1 1.186(0.186)
    1 1.184(0.184)
    1 1.184(0.184)
    5 5.000(0.000)
    5 4.830(-0.170)
    5 5.000(0.000)
    5 5.000(0.000)
    5 5.000(0.000)
    5 5.000(0.000)
    5 5.000(0.000)
    5 5.000(0.000)
    1 1.184(0.184)
    3 3.004(0.004)
    5 5.000(0.000)
    5 5.000(0.000)
    3 3.042(0.042)
    5 4.951(-0.049)
    5 5.000(0.000)
    5 5.000(0.000)
    5 5.000(0.000)
    4 3.816(-0.184)
    4 3.968(-0.032)
    5 5.000(0.000)
    5 4.677(-0.323)
    5 5.000(0.000)
    5 5.000(0.000)
    5 4.810(-0.190)
    5 5.000(0.000)
    5 5.000(0.000)
    5 5.000(0.000)
    5 5.000(0.000)
    5 5.000(0.000)
    1 1.183(0.183)
    1 1.199(0.199)
    1 1.182(0.182)
    1 1.193(0.193)
    1 1.186(0.186)
    1 1.184(0.184)
    1 1.191(0.191)
    1 1.612(0.612)
    1 1.098(0.098)
    3 3.578(0.578)
    5 4.586(-0.414)
    5 4.858(-0.142)
    4 4.085(0.085)
    4 3.757(-0.243)
    5 4.684(-0.316)
    4 3.924(-0.076)
    5 4.673(-0.327)
    4 3.927(-0.073)
    3 3.374(0.374)
    5 4.332(-0.668)
    5 4.293(-0.707)
    4 3.854(-0.146)
    3 2.857(-0.143)
    5 4.906(-0.094)
    3 2.843(-0.157)
    2 1.954(-0.046)
    5 4.600(-0.400)
    3 3.055(0.055)
    2 2.228(0.228)
    5 5.000(0.000)
    5 5.000(0.000)
    5 5.000(0.000)
    5 5.000(0.000)
    5 4.989(-0.011)
    5 4.944(-0.056)
    5 4.990(-0.010)
    3 3.050(0.050)
    5 4.804(-0.196)
    5 5.000(0.000)
    3 2.878(-0.122)
    3 2.979(-0.021)
    3 2.823(-0.177)
    3 2.856(-0.144)
    3 2.860(-0.140)
    3 3.023(0.023)
    3 3.078(0.078)
    3 2.885(-0.115)
    3 2.893(-0.107)
    3 3.282(0.282)
    4 3.866(-0.134)
    5 4.430(-0.570)
    1 1.194(0.194)
    2 2.124(0.124)
    5 4.658(-0.342)
    4 3.871(-0.129)
    5 4.866(-0.134)
    5 5.000(0.000)
    5 5.000(0.000)
    5 4.868(-0.132)
    5 4.724(-0.276)
    5 4.916(-0.084)
    5 4.749(-0.251)
    5 5.000(0.000)
    5 5.000(0.000)
    5 4.963(-0.037)
    5 4.601(-0.399)
    5 4.919(-0.081)
    5 5.000(0.000)
    5 5.000(0.000)
    5 5.000(0.000)
    5 5.000(0.000)
    5 5.000(0.000)
    5 5.000(0.000)
    5 4.726(-0.274)
    5 5.000(0.000)
    5 5.000(0.000)
    4 3.848(-0.152)
    2 2.391(0.391)
    5 4.828(-0.172)
    2 2.352(0.352)
    4 4.197(0.197)
    1 1.108(0.108)
    4 4.129(0.129)
    4 3.742(-0.258)
    5 4.822(-0.178)
    5 4.538(-0.462)
    4 4.175(0.175)
    5 4.632(-0.368)
    5 4.799(-0.201)
    5 4.838(-0.162)
    4 4.094(0.094)
    4 4.240(0.240)
    1 1.357(0.357)
    4 3.989(-0.011)
    3 3.686(0.686)
    5 4.875(-0.125)
    4 4.097(0.097)
    4 4.195(0.195)
    4 4.040(0.040)
    5 4.772(-0.228)
    5 5.000(0.000)
    4 3.968(-0.032)
    5 4.738(-0.262)
    5 4.828(-0.172)
    5 4.876(-0.124)
    3 2.879(-0.121)
    5 5.000(0.000)
    4 3.889(-0.111)
    4 4.180(0.180)
    5 4.842(-0.158)
    5 5.000(0.000)
    5 5.000(0.000)
    5 5.000(0.000)
    5 5.000(0.000)
    5 4.896(-0.104)
    5 4.804(-0.196)
    5 5.000(0.000)
    5 4.952(-0.048)
    4 4.198(0.198)
    5 4.665(-0.335)
    5 4.905(-0.095)
    5 4.828(-0.172)
    2 2.050(0.050)
    5 5.000(0.000)
    5 4.584(-0.416)
    5 4.712(-0.288)
    2 3.260(1.260)
    5 4.935(-0.065)
    5 4.452(-0.548)
    5 4.302(-0.698)
    4 3.951(-0.049)
    5 4.399(-0.601)
    5 4.344(-0.656)
    5 4.699(-0.301)
    5 4.531(-0.469)
    5 4.276(-0.724)
    4 3.815(-0.185)
    4 4.110(0.110)
    3 3.158(0.158)
    5 4.621(-0.379)
    5 4.488(-0.512)
    5 4.309(-0.691)
    5 4.385(-0.615)
    4 4.129(0.129)
    5 4.506(-0.494)
    5 4.533(-0.467)
    5 4.631(-0.369)
    1 1.601(0.601)
    4 3.908(-0.092)
    5 4.297(-0.703)
    5 4.626(-0.374)
    5 4.886(-0.114)
    5 4.426(-0.574)
    3 3.519(0.519)
    4 4.171(0.171)
    4 4.165(0.165)
    4 3.823(-0.177)
    4 3.645(-0.355)
    5 5.000(0.000)
    5 4.775(-0.225)
    5 4.726(-0.274)
    5 5.000(0.000)
    1 1.182(0.182)
    1 1.189(0.189)
    4 3.914(-0.086)
    1 1.183(0.183)
    1 1.052(0.052)
    1 1.199(0.199)
    1 1.008(0.008)
    1 1.193(0.193)
    1 1.202(0.202)
    2 2.196(0.196)
    5 4.954(-0.046)
    5 4.837(-0.163)
    1 1.494(0.494)
    5 4.949(-0.051)
    5 4.904(-0.096)
    5 5.000(0.000)
    5 5.000(0.000)
    5 5.000(0.000)
    3 2.954(-0.046)
    4 4.141(0.141)
    4 3.915(-0.085)
    4 4.070(0.070)
    4 4.078(0.078)
    4 3.941(-0.059)
    4 3.942(-0.058)
    4 4.128(0.128)
    5 5.000(0.000)
    5 4.304(-0.696)
    5 4.668(-0.332)
    5 4.798(-0.202)
    5 4.812(-0.188)
    4 3.897(-0.103)
    4 4.146(0.146)
    3 3.231(0.231)
    5 4.307(-0.693)
    5 4.547(-0.453)
    5 4.688(-0.312)
    5 4.721(-0.279)
    5 4.791(-0.209)
    4 4.054(0.054)
    5 4.754(-0.246)
    1 1.193(0.193)
    5 5.000(0.000)
    3 3.127(0.127)
    5 5.000(0.000)
    4 4.237(0.237)
    5 5.000(0.000)
    5 5.000(0.000)
    5 5.000(0.000)
    5 4.623(-0.377)
    5 5.000(0.000)
    5 5.000(0.000)
    5 4.769(-0.231)
    5 5.000(0.000)
    5 5.000(0.000)
    5 5.000(0.000)
    5 4.845(-0.155)
    5 5.000(0.000)
    5 4.773(-0.227)
    5 5.000(0.000)
    5 5.000(0.000)
    5 5.000(0.000)
    5 5.000(0.000)
    5 5.000(0.000)
    5 5.000(0.000)
    5 5.000(0.000)
    5 5.000(0.000)
    5 5.000(0.000)
    5 4.700(-0.300)
    5 5.000(0.000)
    5 5.000(0.000)
    5 5.000(0.000)
    5 5.000(0.000)
    5 5.000(0.000)
    5 4.936(-0.064)
    5 4.710(-0.290)
    5 4.707(-0.293)
    5 4.827(-0.173)
    5 4.822(-0.178)
    5 4.919(-0.081)
    5 5.000(0.000)
    5 4.731(-0.269)
    5 4.933(-0.067)
    5 5.000(0.000)
    5 5.000(0.000)
    5 4.842(-0.158)
    5 5.000(0.000)
    5 4.879(-0.121)
    5 4.913(-0.087)
    3 3.164(0.164)
    2 2.659(0.659)
    3 3.264(0.264)
    2 2.570(0.570)
    3 2.978(-0.022)
    1 1.245(0.245)
    3 3.112(0.112)
    1 1.448(0.448)
    3 3.208(0.208)
    5 4.678(-0.322)
    5 5.000(0.000)
    5 4.909(-0.091)
    5 4.610(-0.390)
    5 5.000(0.000)
    5 5.000(0.000)
    5 5.000(0.000)
    5 4.864(-0.136)
    5 5.000(0.000)
    5 5.000(0.000)
    5 5.000(0.000)
    5 4.921(-0.079)
    5 5.000(0.000)
    5 5.000(0.000)
    5 5.000(0.000)
    5 4.768(-0.232)
    5 5.000(0.000)
    5 5.000(0.000)
    5 5.000(0.000)
    5 5.000(0.000)
    5 5.000(0.000)
    5 5.000(0.000)
    5 5.000(0.000)
    5 5.000(0.000)
    5 5.000(0.000)
    5 4.819(-0.181)
    5 4.716(-0.284)
    5 5.000(0.000)
    5 5.000(0.000)
    2 2.103(0.103)
    4 4.194(0.194)
    3 3.000(0.000)
    2 2.447(0.447)
    1 1.629(0.629)
    1 1.673(0.673)
    5 4.689(-0.311)
    4 4.138(0.138)
    4 4.011(0.011)
    5 4.703(-0.297)
    5 4.705(-0.295)
    5 5.000(0.000)
    5 4.901(-0.099)
    5 5.000(0.000)
    5 4.659(-0.341)
    4 4.052(0.052)
    5 4.802(-0.198)
    4 4.241(0.241)
    5 4.938(-0.062)
    5 4.963(-0.037)
    5 4.864(-0.136)
    3 3.181(0.181)
    5 5.000(0.000)
    4 4.158(0.158)
    5 4.879(-0.121)
    5 5.000(0.000)
    4 4.031(0.031)
    5 5.000(0.000)
    5 4.572(-0.428)
    5 4.808(-0.192)
    2 1.942(-0.058)
    5 4.423(-0.577)
    5 4.721(-0.279)
    5 4.869(-0.131)
    4 3.878(-0.122)
    5 4.702(-0.298)
    4 3.971(-0.029)
    5 5.000(0.000)
    5 5.000(0.000)
    5 4.634(-0.366)
    5 4.834(-0.166)
    5 5.000(0.000)
    5 4.770(-0.230)
    5 4.559(-0.441)
    5 4.782(-0.218)
    5 4.600(-0.400)
    5 4.550(-0.450)
    5 5.000(0.000)
    5 4.523(-0.477)
    5 5.000(0.000)
    5 5.000(0.000)
    5 5.000(0.000)
    5 5.000(0.000)
    5 5.000(0.000)
    5 5.000(0.000)
    5 5.000(0.000)
    5 5.000(0.000)
    5 5.000(0.000)
    5 5.000(0.000)
    5 5.000(0.000)
    5 5.000(0.000)
    5 5.000(0.000)
    5 5.000(0.000)
    5 5.000(0.000)
    5 5.000(0.000)
    5 5.000(0.000)
    5 5.000(0.000)
    5 5.000(0.000)
    5 5.000(0.000)
    5 5.000(0.000)
    5 5.000(0.000)
    5 5.000(0.000)
    5 4.803(-0.197)
    5 4.763(-0.237)
    5 4.586(-0.414)
    5 4.691(-0.309)
    4 3.937(-0.063)
    4 3.932(-0.068)
    4 4.072(0.072)
    4 4.151(0.151)
    4 3.925(-0.075)
    2 2.120(0.120)
    1 2.216(1.216)
    5 4.773(-0.227)
    5 4.858(-0.142)
    3 3.143(0.143)
    5 4.869(-0.131)
    5 4.707(-0.293)
    3 2.940(-0.060)
    1 1.472(0.472)
    1 1.182(0.182)
    4 3.896(-0.104)
    5 5.000(0.000)
    5 5.000(0.000)
    4 3.969(-0.031)
    5 4.831(-0.169)
    5 4.392(-0.608)
    4 4.018(0.018)
    5 4.751(-0.249)
    5 4.672(-0.328)
    5 4.797(-0.203)
    5 5.000(0.000)
    5 4.895(-0.105)
    5 4.626(-0.374)
    5 4.638(-0.362)
    5 4.264(-0.736)
    1 1.758(0.758)
    5 4.739(-0.261)
    5 4.954(-0.046)
    5 5.000(0.000)
    5 5.000(0.000)
    5 4.394(-0.606)
    5 4.479(-0.521)
    5 5.000(0.000)
    5 5.000(0.000)
    3 3.581(0.581)
    3 3.339(0.339)
    5 4.761(-0.239)
    5 5.000(0.000)
    5 5.000(0.000)
    5 4.912(-0.088)
    5 4.415(-0.585)
    3 2.897(-0.103)
    5 5.000(0.000)
    5 5.000(0.000)
    5 5.000(0.000)
    3 2.980(-0.020)
    3 2.946(-0.054)
    5 4.833(-0.167)
    5 5.000(0.000)
    5 5.000(0.000)
    5 5.000(0.000)
    5 5.000(0.000)
    5 4.619(-0.381)
    3 3.001(0.001)
    5 4.642(-0.358)
    4 3.896(-0.104)
    5 4.850(-0.150)
    5 4.752(-0.248)
    5 5.000(0.000)
    5 5.000(0.000)
    5 5.000(0.000)
    5 4.699(-0.301)
    5 5.000(0.000)
    5 5.000(0.000)
    3 2.981(-0.019)
    4 4.089(0.089)
    5 4.430(-0.570)
    5 4.770(-0.230)
    5 5.000(0.000)
    5 4.416(-0.584)
    5 4.452(-0.548)
    5 4.609(-0.391)
    5 4.746(-0.254)
    5 4.628(-0.372)
    4 4.160(0.160)
    5 4.915(-0.085)
    5 5.000(0.000)
    5 5.000(0.000)
    5 5.000(0.000)
    2 2.351(0.351)
    5 5.000(0.000)
    5 4.827(-0.173)
    3 2.863(-0.137)
    5 4.718(-0.282)
    5 4.822(-0.178)
    3 3.154(0.154)
    3 3.168(0.168)
    3 3.052(0.052)
    3 3.245(0.245)
    4 3.871(-0.129)
    5 4.668(-0.332)
    4 4.000(0.000)
    2 2.121(0.121)
    1 1.208(0.208)
    3 3.141(0.141)
    4 3.973(-0.027)
    4 4.075(0.075)
    4 3.741(-0.259)
    4 3.931(-0.069)
    4 4.049(0.049)
    4 4.146(0.146)
    1 1.189(0.189)
    5 4.479(-0.521)
    5 4.989(-0.011)
    5 4.885(-0.115)
    5 5.000(0.000)
    4 3.853(-0.147)
    5 4.652(-0.348)
    4 4.007(0.007)
    5 4.742(-0.258)
    2 2.418(0.418)
    4 3.912(-0.088)
    2 2.424(0.424)
    4 4.194(0.194)
    2 2.839(0.839)
    5 5.000(0.000)
    5 5.000(0.000)
    5 5.000(0.000)
    4 4.174(0.174)
    5 4.560(-0.440)
    5 4.910(-0.090)
    1 1.148(0.148)
    5 4.602(-0.398)
    5 5.000(0.000)
    5 5.000(0.000)
    5 5.000(0.000)
    5 5.000(0.000)
    5 5.000(0.000)
    5 5.000(0.000)
    5 4.848(-0.152)
    5 4.862(-0.138)
    5 4.376(-0.624)
    3 3.000(0.000)
    5 5.000(0.000)
    3 3.036(0.036)
    5 4.541(-0.459)
    5 4.595(-0.405)
    5 4.502(-0.498)
    5 4.721(-0.279)
    5 4.728(-0.272)
    5 5.000(0.000)
    5 5.000(0.000)
    5 4.502(-0.498)
    5 5.000(0.000)
    5 5.000(0.000)
    1 1.193(0.193)
    1 1.381(0.381)
    1 1.192(0.192)
    5 4.416(-0.584)
    1 1.139(0.139)
    1 1.579(0.579)
    5 4.801(-0.199)
    1 1.249(0.249)
    5 5.000(0.000)
    5 5.000(0.000)
    5 4.618(-0.382)
    5 4.890(-0.110)
    5 5.000(0.000)
    5 5.000(0.000)
    3 3.048(0.048)
    5 4.616(-0.384)
    5 4.434(-0.566)
    5 4.608(-0.392)
    5 5.000(0.000)
    5 4.635(-0.365)
    4 3.849(-0.151)
    5 4.266(-0.734)
    3 3.193(0.193)
    5 4.929(-0.071)
    5 4.977(-0.023)
    5 4.605(-0.395)
    3 3.126(0.126)
    5 4.842(-0.158)
    5 4.968(-0.032)
    5 5.000(0.000)
    5 4.627(-0.373)
    3 3.240(0.240)
    5 5.000(0.000)
    5 4.602(-0.398)
    5 5.000(0.000)
    5 5.000(0.000)
    5 4.827(-0.173)
    5 5.000(0.000)
    5 4.914(-0.086)
    5 4.757(-0.243)
    5 5.000(0.000)
    5 4.548(-0.452)
    5 4.980(-0.020)
    5 4.826(-0.174)
    5 5.000(0.000)
    5 4.857(-0.143)
    5 5.000(0.000)
    5 4.847(-0.153)
    5 4.664(-0.336)
    5 5.000(0.000)
    5 4.924(-0.076)
    5 4.778(-0.222)
    3 3.069(0.069)
    5 4.832(-0.168)
    3 3.139(0.139)
    2 2.190(0.190)
    3 3.194(0.194)
    4 4.047(0.047)
    5 5.000(0.000)
    5 4.839(-0.161)
    5 4.541(-0.459)
    3 3.203(0.203)
    3 3.210(0.210)
    5 5.000(0.000)
    5 4.660(-0.340)
    5 4.458(-0.542)
    3 3.077(0.077)
    3 3.007(0.007)
    4 4.019(0.019)
    5 4.444(-0.556)
    5 4.677(-0.323)
    5 4.521(-0.479)
    3 3.275(0.275)
    5 4.336(-0.664)
    3 3.551(0.551)
    5 5.000(0.000)
    3 3.472(0.472)
    1 1.188(0.188)
    1 1.215(0.215)
    1 1.180(0.180)
    1 1.049(0.049)
    5 4.406(-0.594)
    4 4.201(0.201)
    5 4.442(-0.558)
    5 4.927(-0.073)
    5 5.000(0.000)
    5 5.000(0.000)
    5 5.000(0.000)
    5 5.000(0.000)
    5 5.000(0.000)
    5 5.000(0.000)
    5 5.000(0.000)
    5 5.000(0.000)
    5 4.766(-0.234)
    5 4.953(-0.047)
    5 5.000(0.000)
    5 4.895(-0.105)
    5 5.000(0.000)
    4 4.099(0.099)
    4 3.824(-0.176)
    4 4.127(0.127)
    5 4.624(-0.376)
    5 5.000(0.000)
    2 2.097(0.097)
    1 1.193(0.193)
    1 1.366(0.366)
    1 1.197(0.197)
    1 0.980(-0.020)
    1 1.311(0.311)
    1 1.359(0.359)
    1 1.191(0.191)
    4 3.795(-0.205)
    4 4.086(0.086)
    4 3.865(-0.135)
    3 3.111(0.111)
    3 2.989(-0.011)
    5 5.000(0.000)
    5 5.000(0.000)
    5 4.937(-0.063)
    5 5.000(0.000)
    2 2.189(0.189)
    5 5.000(0.000)
    3 3.025(0.025)
    5 4.762(-0.238)
    5 4.944(-0.056)
    4 4.178(0.178)
    5 4.679(-0.321)
    4 4.354(0.354)
    5 4.944(-0.056)
    2 2.695(0.695)
    2 2.463(0.463)
    5 4.983(-0.017)
    5 5.000(0.000)
    5 4.546(-0.454)
    1 1.711(0.711)
    5 5.000(0.000)
    5 5.000(0.000)
    5 5.000(0.000)
    5 5.000(0.000)
    5 5.000(0.000)
    5 4.903(-0.097)
    5 5.000(0.000)
    5 5.000(0.000)
    5 4.737(-0.263)
    5 4.814(-0.186)
    5 4.844(-0.156)
    5 4.841(-0.159)
    5 5.000(0.000)
    5 5.000(0.000)
    3 3.320(0.320)
    3 3.305(0.305)
    3 3.101(0.101)
    3 2.879(-0.121)
    3 3.057(0.057)
    3 2.841(-0.159)
    3 2.917(-0.083)
    3 2.976(-0.024)
    5 4.920(-0.080)
    5 4.782(-0.218)
    5 5.000(0.000)
    5 4.909(-0.091)
    5 5.000(0.000)
    5 4.869(-0.131)
    5 5.000(0.000)
    5 5.000(0.000)
    5 4.748(-0.252)
    5 5.000(0.000)
    5 4.691(-0.309)
    5 5.000(0.000)
    5 4.819(-0.181)
    5 4.322(-0.678)
    4 4.069(0.069)
    4 3.916(-0.084)
    3 3.269(0.269)
    5 4.466(-0.534)
    4 3.928(-0.072)
    5 4.296(-0.704)
    5 4.360(-0.640)
    5 5.000(0.000)
    4 4.125(0.125)
    5 4.711(-0.289)
    5 4.319(-0.681)
    5 4.720(-0.280)
    5 4.620(-0.380)
    5 4.586(-0.414)
    4 3.709(-0.291)
    5 4.314(-0.686)
    5 4.443(-0.557)
    5 4.399(-0.601)
    5 4.316(-0.684)
    5 4.639(-0.361)
    5 4.367(-0.633)
    5 4.763(-0.237)
    2 2.188(0.188)
    2 2.136(0.136)
    2 2.124(0.124)
    2 2.000(0.000)
    2 1.945(-0.055)
    2 2.293(0.293)
    5 4.420(-0.580)
    2 2.493(0.493)
    2 1.895(-0.105)
    5 5.000(0.000)
    5 4.688(-0.312)
    5 5.000(0.000)
    5 4.656(-0.344)
    5 4.459(-0.541)
    5 4.953(-0.047)
    5 4.602(-0.398)
    5 4.446(-0.554)
    5 4.821(-0.179)
    5 4.931(-0.069)
    5 4.711(-0.289)
    5 4.700(-0.300)
    5 4.932(-0.068)
    5 4.539(-0.461)
    5 4.710(-0.290)
    5 4.697(-0.303)
    5 4.310(-0.690)
    5 4.868(-0.132)
    3 2.924(-0.076)
    5 5.000(0.000)
    5 4.771(-0.229)
    5 4.903(-0.097)
    4 3.953(-0.047)
    4 4.049(0.049)
    4 4.030(0.030)
    4 3.874(-0.126)
    5 5.000(0.000)
    4 4.006(0.006)
    4 3.844(-0.156)
    4 4.013(0.013)
    4 3.850(-0.150)
    4 3.882(-0.118)
    4 3.954(-0.046)
    4 3.915(-0.085)
    4 4.052(0.052)
    4 3.995(-0.005)
    5 5.000(0.000)
    5 5.000(0.000)
    5 4.829(-0.171)
    5 5.000(0.000)
    5 5.000(0.000)
    5 5.000(0.000)
    5 5.000(0.000)
    4 3.847(-0.153)
    5 4.804(-0.196)
    3 2.943(-0.057)
    3 2.893(-0.107)
    5 5.000(0.000)
    2 2.568(0.568)
    5 4.932(-0.068)
    3 3.084(0.084)
    5 4.558(-0.442)
    5 4.802(-0.198)
    5 4.465(-0.535)
    5 4.558(-0.442)
    5 4.390(-0.610)
    5 4.355(-0.645)
    5 5.000(0.000)
    5 5.000(0.000)
    5 5.000(0.000)
    5 5.000(0.000)
    5 5.000(0.000)
    5 5.000(0.000)
    5 5.000(0.000)
    5 5.000(0.000)
    5 5.000(0.000)
    5 5.000(0.000)
    5 5.000(0.000)
    5 5.000(0.000)
    3 3.091(0.091)
    5 4.796(-0.204)
    3 3.395(0.395)
    4 4.036(0.036)
    5 5.000(0.000)
    5 5.000(0.000)
    5 4.842(-0.158)
    5 4.895(-0.105)
    5 4.828(-0.172)
    5 5.000(0.000)
    5 4.865(-0.135)
    4 4.061(0.061)
    4 3.983(-0.017)
    4 3.899(-0.101)
    4 4.115(0.115)
    1 1.195(0.195)
    5 4.782(-0.218)
    5 4.861(-0.139)
    5 4.606(-0.394)
    5 5.000(0.000)
    4 3.766(-0.234)
    5 4.808(-0.192)
    5 4.829(-0.171)
    5 4.476(-0.524)
    5 4.533(-0.467)
    5 5.000(0.000)
    5 4.855(-0.145)
    5 4.534(-0.466)
    5 5.000(0.000)
    5 5.000(0.000)
    5 5.000(0.000)
    3 2.966(-0.034)
    3 3.077(0.077)
    3 2.865(-0.135)
    3 2.893(-0.107)
    5 5.000(0.000)
    3 3.049(0.049)
    5 4.526(-0.474)
    5 4.488(-0.512)
    5 4.749(-0.251)
    5 5.000(0.000)
    5 4.949(-0.051)
    5 4.486(-0.514)
    5 4.612(-0.388)
    5 4.357(-0.643)
    3 3.064(0.064)
    4 3.728(-0.272)
    5 4.621(-0.379)
    3 3.058(0.058)
    2 2.103(0.103)
    1 1.294(0.294)
    1 1.210(0.210)
    4 3.877(-0.123)
    5 5.000(0.000)
    1 1.189(0.189)
    1 1.355(0.355)
    1 1.558(0.558)
    1 1.305(0.305)
    1 1.375(0.375)
    1 1.146(0.146)
    5 5.000(0.000)
    5 5.000(0.000)
    5 5.000(0.000)
    5 5.000(0.000)
    3 3.262(0.262)
    5 5.000(0.000)
    5 5.000(0.000)
    4 3.870(-0.130)
    1 1.746(0.746)
    5 5.000(0.000)
    3 3.190(0.190)
    3 3.383(0.383)
    1 1.050(0.050)
    5 5.000(0.000)
    5 5.000(0.000)
    5 5.000(0.000)
    5 4.798(-0.202)
    5 4.995(-0.005)
    5 4.683(-0.317)
    5 4.372(-0.628)
    5 4.901(-0.099)
    4 3.823(-0.177)
    5 4.492(-0.508)
    3 3.216(0.216)
    3 3.172(0.172)
    5 4.972(-0.028)
    4 3.970(-0.030)
    5 5.000(0.000)
    5 5.000(0.000)
    5 4.986(-0.014)
    4 4.013(0.013)
    4 4.007(0.007)
    4 4.118(0.118)
    5 4.966(-0.034)
    5 4.424(-0.576)
    1 2.026(1.026)
    1 1.602(0.602)
    5 4.317(-0.683)
    2 2.767(0.767)
    5 4.568(-0.432)
    5 4.979(-0.021)
    1 1.253(0.253)
    5 4.580(-0.420)
    5 4.690(-0.310)
    5 5.000(0.000)
    5 5.000(0.000)
    5 4.831(-0.169)
    5 5.000(0.000)
    5 5.000(0.000)
    5 5.000(0.000)
    5 5.000(0.000)
    5 4.879(-0.121)
    5 5.000(0.000)
    5 4.922(-0.078)
    3 3.019(0.019)
    5 5.000(0.000)
    5 5.000(0.000)
    5 4.520(-0.480)
    5 5.000(0.000)
    5 4.841(-0.159)
    5 4.849(-0.151)
    5 5.000(0.000)
    5 5.000(0.000)
    5 5.000(0.000)
    5 5.000(0.000)
    4 4.044(0.044)
    5 4.345(-0.655)
    5 4.493(-0.507)
    4 4.086(0.086)
    4 4.014(0.014)
    5 4.795(-0.205)
    5 5.000(0.000)
    4 3.419(-0.581)
    4 3.877(-0.123)
    2 2.049(0.049)
    2 2.049(0.049)
    2 2.048(0.048)
    2 1.829(-0.171)
    2 2.050(0.050)
    5 4.791(-0.209)
    5 4.612(-0.388)
    5 4.682(-0.318)
    5 5.000(0.000)
    4 3.832(-0.168)
    5 4.879(-0.121)
    3 3.127(0.127)
    4 4.095(0.095)
    4 4.136(0.136)
    4 3.951(-0.049)
    5 4.895(-0.105)
    5 5.000(0.000)
    5 5.000(0.000)
    5 4.761(-0.239)
    5 5.000(0.000)
    5 4.695(-0.305)
    5 4.794(-0.206)
    5 4.431(-0.569)
    3 2.992(-0.008)
    3 2.922(-0.078)
    3 2.925(-0.075)
    3 3.345(0.345)
    4 3.848(-0.152)
    1 1.185(0.185)
    5 4.500(-0.500)
    4 3.968(-0.032)
    5 4.863(-0.137)
    4 4.173(0.173)
    5 5.000(0.000)
    5 4.093(-0.907)
    5 4.691(-0.309)
    5 4.775(-0.225)
    4 3.940(-0.060)
    5 4.910(-0.090)
    5 4.842(-0.158)
    5 4.805(-0.195)
    5 4.717(-0.283)
    4 4.067(0.067)
    5 4.916(-0.084)
    5 4.545(-0.455)
    5 5.000(0.000)
    3 3.378(0.378)
    5 5.000(0.000)
    5 4.951(-0.049)
    4 3.847(-0.153)
    5 5.000(0.000)
    5 4.629(-0.371)
    5 4.953(-0.047)
    5 5.000(0.000)
    5 5.000(0.000)
    3 3.047(0.047)
    4 4.150(0.150)
    3 3.331(0.331)
    5 4.746(-0.254)
    5 5.000(0.000)
    5 4.765(-0.235)
    5 4.782(-0.218)
    5 4.725(-0.275)
    5 4.658(-0.342)
    3 3.104(0.104)
    5 4.903(-0.097)
    5 5.000(0.000)
    5 5.000(0.000)
    5 5.000(0.000)
    5 5.000(0.000)
    5 5.000(0.000)
    5 5.000(0.000)
    5 5.000(0.000)
    5 5.000(0.000)
    4 3.794(-0.206)
    5 4.843(-0.157)
    5 4.645(-0.355)
    3 3.211(0.211)
    3 2.924(-0.076)
    5 4.541(-0.459)
    4 3.860(-0.140)
    4 4.087(0.087)
    5 5.000(0.000)
    5 4.748(-0.252)
    5 4.944(-0.056)
    4 3.758(-0.242)
    5 5.000(0.000)
    5 5.000(0.000)
    5 5.000(0.000)
    5 5.000(0.000)
    5 4.949(-0.051)
    5 5.000(0.000)
    5 4.685(-0.315)
    5 5.000(0.000)
    5 5.000(0.000)
    5 5.000(0.000)
    5 5.000(0.000)
    5 5.000(0.000)
    1 1.189(0.189)
    5 5.000(0.000)
    5 5.000(0.000)
    5 5.000(0.000)
    5 5.000(0.000)
    4 4.011(0.011)
    3 3.281(0.281)
    2 2.448(0.448)
    4 3.990(-0.010)
    4 3.883(-0.117)
    4 4.085(0.085)
    4 4.115(0.115)
    4 4.176(0.176)
    4 3.883(-0.117)
    4 3.878(-0.122)
    2 2.717(0.717)
    5 4.655(-0.345)
    2 2.383(0.383)
    2 2.920(0.920)
    5 4.948(-0.052)
    5 5.000(0.000)
    4 3.788(-0.212)
    5 5.000(0.000)
    5 5.000(0.000)
    5 4.768(-0.232)
    5 5.000(0.000)
    5 4.731(-0.269)
    5 4.879(-0.121)
    1 1.183(0.183)
    5 4.645(-0.355)
    1 0.979(-0.021)
    1 1.209(0.209)
    5 4.878(-0.122)
    5 4.766(-0.234)
    5 4.755(-0.245)
    4 4.073(0.073)
    4 4.002(0.002)
    4 3.883(-0.117)
    4 4.110(0.110)
    5 4.214(-0.786)
    5 5.000(0.000)
    5 5.000(0.000)
    5 5.000(0.000)
    5 4.716(-0.284)
    4 3.946(-0.054)
    4 3.930(-0.070)
    5 5.000(0.000)
    5 5.000(0.000)
    5 5.000(0.000)
    5 5.000(0.000)
    5 4.711(-0.289)
    2 2.780(0.780)
    4 4.103(0.103)
    3 3.326(0.326)
    3 3.134(0.134)
    3 3.077(0.077)
    5 4.638(-0.362)
    5 4.371(-0.629)
    5 4.591(-0.409)
    5 5.000(0.000)
    5 5.000(0.000)
    5 5.000(0.000)
    5 4.955(-0.045)
    5 4.878(-0.122)
    5 5.000(0.000)
    5 4.979(-0.021)
    5 4.993(-0.007)
    5 4.989(-0.011)
    5 5.000(0.000)
    5 4.795(-0.205)
    5 4.279(-0.721)
    5 5.000(0.000)
    5 4.702(-0.298)
    1 1.714(0.714)
    5 4.908(-0.092)
    5 4.843(-0.157)
    5 4.790(-0.210)
    5 4.464(-0.536)
    5 4.804(-0.196)
    5 4.891(-0.109)
    5 4.794(-0.206)
    5 5.000(0.000)
    1 1.205(0.205)
    5 4.755(-0.245)
    5 4.783(-0.217)
    5 4.902(-0.098)
    5 5.000(0.000)
    5 5.000(0.000)
    5 4.660(-0.340)
    5 4.892(-0.108)
    5 5.000(0.000)
    5 5.000(0.000)
    4 4.056(0.056)
    5 4.557(-0.443)
    5 5.000(0.000)
    5 5.000(0.000)
    5 5.000(0.000)
    5 5.000(0.000)
    5 5.000(0.000)
    5 5.000(0.000)
    5 5.000(0.000)
    5 5.000(0.000)
    5 5.000(0.000)
    5 5.000(0.000)
    5 5.000(0.000)
    5 5.000(0.000)
    5 4.648(-0.352)
    5 5.000(0.000)
    5 4.657(-0.343)
    4 4.050(0.050)
    4 4.154(0.154)
    4 3.864(-0.136)
    4 4.076(0.076)
    3 3.050(0.050)
    2 2.006(0.006)
    2 2.282(0.282)
    2 2.019(0.019)
    2 2.269(0.269)
    2 2.394(0.394)
    2 2.018(0.018)
    2 1.769(-0.231)
    2 2.132(0.132)
    2 2.152(0.152)
    2 2.110(0.110)
    2 2.195(0.195)
    2 2.158(0.158)
    2 2.138(0.138)
    2 2.019(0.019)
    2 2.299(0.299)
    2 2.195(0.195)
    2 2.113(0.113)
    5 4.804(-0.196)
    5 4.795(-0.205)
    5 4.847(-0.153)
    5 4.584(-0.416)
    5 4.763(-0.237)
    5 4.746(-0.254)
    5 4.763(-0.237)
    5 5.000(0.000)
    5 4.954(-0.046)
    5 4.801(-0.199)
    5 4.733(-0.267)
    5 4.673(-0.327)
    5 4.775(-0.225)
    5 4.786(-0.214)
    5 4.724(-0.276)
    5 4.949(-0.051)
    5 4.847(-0.153)
    5 4.663(-0.337)
    5 4.647(-0.353)
    5 4.774(-0.226)
    5 4.954(-0.046)
    5 4.687(-0.313)
    5 4.827(-0.173)
    5 4.469(-0.531)
    5 4.724(-0.276)
    5 5.000(0.000)
    5 5.000(0.000)
    5 5.000(0.000)
    5 4.901(-0.099)
    3 3.154(0.154)
    5 5.000(0.000)
    5 4.846(-0.154)
    5 4.778(-0.222)
    5 4.651(-0.349)
    5 5.000(0.000)
    5 5.000(0.000)
    2 2.054(0.054)
    5 5.000(0.000)
    4 4.049(0.049)
    5 5.000(0.000)
    2 2.368(0.368)
    5 4.668(-0.332)
    5 5.000(0.000)
    5 4.976(-0.024)
    5 4.949(-0.051)
    5 4.764(-0.236)
    5 4.559(-0.441)
    5 5.000(0.000)
    5 4.676(-0.324)
    5 4.793(-0.207)
    5 5.000(0.000)
    5 5.000(0.000)
    5 4.610(-0.390)
    5 4.414(-0.586)
    5 4.609(-0.391)
    5 4.580(-0.420)
    4 4.013(0.013)
    5 5.000(0.000)
    5 4.667(-0.333)
    5 4.897(-0.103)
    5 5.000(0.000)
    5 5.000(0.000)
    5 5.000(0.000)
    5 5.000(0.000)
    5 5.000(0.000)
    5 5.000(0.000)
    5 4.914(-0.086)
    5 4.525(-0.475)
    5 4.821(-0.179)
    5 4.481(-0.519)
    4 3.975(-0.025)
    5 4.797(-0.203)
    1 1.597(0.597)
    3 3.101(0.101)
    3 2.948(-0.052)
    2 2.189(0.189)
    2 2.130(0.130)
    5 4.657(-0.343)
    5 4.502(-0.498)
    5 4.368(-0.632)
    5 4.644(-0.356)
    5 4.489(-0.511)
    5 4.807(-0.193)
    5 4.418(-0.582)
    3 3.017(0.017)
    3 2.878(-0.122)
    5 4.904(-0.096)
    4 4.044(0.044)
    2 2.244(0.244)
    5 4.599(-0.401)
    5 5.000(0.000)
    5 4.716(-0.284)
    5 4.726(-0.274)
    5 5.000(0.000)
    5 5.000(0.000)
    5 4.941(-0.059)
    4 4.041(0.041)
    5 4.857(-0.143)
    5 5.000(0.000)
    5 5.000(0.000)
    4 3.609(-0.391)
    3 3.108(0.108)
    3 3.098(0.098)
    3 3.039(0.039)
    5 4.077(-0.923)
    1 1.746(0.746)
    5 4.111(-0.889)
    2 2.867(0.867)
    2 2.310(0.310)
    3 3.063(0.063)
    2 2.417(0.417)
    5 3.949(-1.051)
    2 2.511(0.511)
    5 3.980(-1.020)
    5 4.716(-0.284)
    2 2.425(0.425)
    3 3.238(0.238)
    2 2.359(0.359)
    5 4.626(-0.374)
    1 1.210(0.210)
    5 5.000(0.000)
    5 5.000(0.000)
    5 4.974(-0.026)
    3 2.818(-0.182)
    5 4.743(-0.257)
    3 3.140(0.140)
    1 1.189(0.189)
    5 5.000(0.000)
    5 4.743(-0.257)
    5 4.495(-0.505)
    5 5.000(0.000)
    5 4.686(-0.314)
    4 3.847(-0.153)
    2 2.717(0.717)
    4 4.179(0.179)
    5 4.693(-0.307)
    3 3.019(0.019)
    4 3.951(-0.049)
    4 4.144(0.144)
    5 5.000(0.000)
    5 4.889(-0.111)
    3 3.196(0.196)
    4 3.978(-0.022)
    4 3.982(-0.018)
    3 2.897(-0.103)
    5 4.371(-0.629)
    5 4.475(-0.525)
    5 4.738(-0.262)
    5 4.549(-0.451)
    5 4.395(-0.605)
    5 4.597(-0.403)
    5 5.000(0.000)
    5 4.671(-0.329)
    5 5.000(0.000)
    5 5.000(0.000)
    5 4.628(-0.372)
    5 4.731(-0.269)
    4 4.145(0.145)
    5 4.986(-0.014)
    5 5.000(0.000)
    5 5.000(0.000)
    5 5.000(0.000)
    5 4.661(-0.339)
    1 1.208(0.208)
    1 1.186(0.186)
    4 3.912(-0.088)
    4 4.121(0.121)
    1 1.191(0.191)
    4 3.857(-0.143)
    4 3.856(-0.144)
    3 3.282(0.282)
    4 3.957(-0.043)
    1 1.450(0.450)
    4 4.051(0.051)
    1 1.205(0.205)
    4 3.950(-0.050)
    1 2.455(1.455)
    5 4.669(-0.331)
    1 1.193(0.193)
    1 1.333(0.333)
    4 3.967(-0.033)
    4 4.188(0.188)
    5 5.000(0.000)
    5 4.780(-0.220)
    5 4.452(-0.548)
    3 3.170(0.170)
    5 4.728(-0.272)
    5 5.000(0.000)
    5 4.649(-0.351)
    1 2.074(1.074)
    5 5.000(0.000)
    5 4.520(-0.480)
    5 5.000(0.000)
    5 4.881(-0.119)
    5 4.928(-0.072)
    5 5.000(0.000)
    5 4.839(-0.161)
    5 5.000(0.000)
    5 5.000(0.000)
    5 4.773(-0.227)
    5 5.000(0.000)
    5 5.000(0.000)
    5 4.829(-0.171)
    5 4.449(-0.551)
    5 4.651(-0.349)
    5 4.765(-0.235)
    4 3.825(-0.175)
    5 5.000(0.000)
    1 1.182(0.182)
    1 1.200(0.200)
    3 3.057(0.057)
    3 2.826(-0.174)
    3 3.110(0.110)
    3 3.275(0.275)
    3 2.903(-0.097)
    3 3.046(0.046)
    3 2.912(-0.088)
    3 2.902(-0.098)
    3 2.860(-0.140)
    3 2.911(-0.089)
    3 3.108(0.108)
    3 2.926(-0.074)
    5 4.829(-0.171)
    5 4.839(-0.161)
    5 5.000(0.000)
    5 5.000(0.000)
    5 4.608(-0.392)
    5 5.000(0.000)
    5 4.708(-0.292)
    5 4.985(-0.015)
    5 4.667(-0.333)
    4 4.057(0.057)
    5 4.587(-0.413)
    5 4.585(-0.415)
    4 3.969(-0.031)
    4 4.009(0.009)
    4 4.106(0.106)
    4 3.868(-0.132)
    4 3.861(-0.139)
    4 4.109(0.109)
    4 3.805(-0.195)
    4 4.139(0.139)
    4 4.186(0.186)
    4 4.018(0.018)
    4 3.851(-0.149)
    4 4.069(0.069)
    4 3.871(-0.129)
    4 3.926(-0.074)
    4 4.051(0.051)
    4 3.920(-0.080)
    5 4.542(-0.458)
    5 5.000(0.000)
    5 4.762(-0.238)
    5 4.548(-0.452)
    4 3.827(-0.173)
    4 3.973(-0.027)
    4 4.096(0.096)
    4 3.853(-0.147)
    4 4.162(0.162)
    4 4.168(0.168)
    5 5.000(0.000)
    5 5.000(0.000)
    5 5.000(0.000)
    5 5.000(0.000)
    5 5.000(0.000)
    5 5.000(0.000)
    5 5.000(0.000)
    5 5.000(0.000)
    5 5.000(0.000)
    5 5.000(0.000)
    5 5.000(0.000)
    5 5.000(0.000)
    5 5.000(0.000)
    5 5.000(0.000)
    5 5.000(0.000)
    5 5.000(0.000)
    5 5.000(0.000)
    5 5.000(0.000)
    5 5.000(0.000)
    5 5.000(0.000)
    5 5.000(0.000)
    5 5.000(0.000)
    3 3.181(0.181)
    3 3.189(0.189)
    2 2.000(0.000)
    4 3.845(-0.155)
    4 4.090(0.090)
    4 3.969(-0.031)
    4 3.858(-0.142)
    3 2.917(-0.083)
    4 3.833(-0.167)
    4 3.910(-0.090)
    1 1.200(0.200)
    5 4.953(-0.047)
    5 4.457(-0.543)
    5 4.828(-0.172)
    5 5.000(0.000)
    5 4.714(-0.286)
    5 4.849(-0.151)
    4 4.148(0.148)
    4 3.712(-0.288)
    4 4.013(0.013)
    4 4.022(0.022)
    4 4.037(0.037)
    4 3.980(-0.020)
    5 4.976(-0.024)
    5 4.541(-0.459)
    5 4.564(-0.436)
    3 3.345(0.345)
    5 5.000(0.000)
    5 4.712(-0.288)
    2 2.229(0.229)
    5 4.741(-0.259)
    5 4.932(-0.068)
    5 5.000(0.000)
    5 5.000(0.000)
    5 4.793(-0.207)
    5 4.519(-0.481)
    5 5.000(0.000)
    5 5.000(0.000)
    5 4.732(-0.268)
    5 4.470(-0.530)
    5 4.875(-0.125)
    5 4.676(-0.324)
    5 5.000(0.000)
    5 4.897(-0.103)
    4 3.910(-0.090)
    5 4.810(-0.190)
    3 3.293(0.293)
    5 4.621(-0.379)
    5 5.000(0.000)
    2 2.000(0.000)
    5 5.000(0.000)
    2 2.195(0.195)
    5 5.000(0.000)
    5 4.821(-0.179)
    5 5.000(0.000)
    5 4.781(-0.219)
    5 5.000(0.000)
    4 4.126(0.126)
    5 4.731(-0.269)
    5 5.000(0.000)
    5 4.776(-0.224)
    5 4.671(-0.329)
    5 4.696(-0.304)
    4 3.929(-0.071)
    5 4.700(-0.300)
    5 5.000(0.000)
    5 5.000(0.000)
    5 5.000(0.000)
    5 4.986(-0.014)
    5 4.745(-0.255)
    1 1.207(0.207)
    2 2.334(0.334)
    2 1.954(-0.046)
    2 1.967(-0.033)
    2 2.145(0.145)
    2 1.951(-0.049)
    5 5.000(0.000)
    5 5.000(0.000)
    5 4.789(-0.211)
    5 4.746(-0.254)
    5 4.829(-0.171)
    5 4.890(-0.110)
    5 5.000(0.000)
    5 4.833(-0.167)
    5 5.000(0.000)
    5 5.000(0.000)
    5 5.000(0.000)
    4 4.130(0.130)
    5 5.000(0.000)
    5 5.000(0.000)
    4 3.829(-0.171)
    5 5.000(0.000)
    4 4.048(0.048)
    5 5.000(0.000)
    5 4.975(-0.025)
    5 4.818(-0.182)
    5 5.000(0.000)
    5 4.556(-0.444)
    5 5.000(0.000)
    5 5.000(0.000)
    1 1.202(0.202)
    5 4.439(-0.561)
    5 4.432(-0.568)
    4 3.827(-0.173)
    5 4.631(-0.369)
    3 2.868(-0.132)
    5 5.000(0.000)
    3 3.003(0.003)
    1 1.260(0.260)
    1 1.738(0.738)
    5 5.000(0.000)
    5 4.535(-0.465)
    5 5.000(0.000)
    4 4.079(0.079)
    5 4.618(-0.382)
    5 4.717(-0.283)
    5 4.827(-0.173)
    5 4.703(-0.297)
    5 5.000(0.000)
    5 4.526(-0.474)
    2 1.916(-0.084)
    5 4.661(-0.339)
    5 4.916(-0.084)
    4 4.015(0.015)
    5 4.885(-0.115)
    5 4.678(-0.322)
    5 5.000(0.000)
    5 4.570(-0.430)
    4 4.196(0.196)
    5 4.514(-0.486)
    5 4.605(-0.395)
    5 4.737(-0.263)
    5 4.804(-0.196)
    5 5.000(0.000)
    5 4.784(-0.216)
    5 4.845(-0.155)
    5 4.933(-0.067)
    5 4.165(-0.835)
    2 2.478(0.478)
    5 4.711(-0.289)
    2 2.319(0.319)
    2 1.875(-0.125)
    2 1.900(-0.100)
    2 2.036(0.036)
    2 2.147(0.147)
    2 1.835(-0.165)
    2 2.046(0.046)
    2 1.859(-0.141)
    2 2.102(0.102)
    2 2.126(0.126)
    2 1.970(-0.030)
    4 3.869(-0.131)
    3 3.087(0.087)
    5 5.000(0.000)
    2 2.213(0.213)
    5 4.805(-0.195)
    5 4.951(-0.049)
    5 4.756(-0.244)
    5 4.625(-0.375)
    1 1.191(0.191)
    5 4.850(-0.150)
    5 4.841(-0.159)
    5 5.000(0.000)
    5 4.646(-0.354)
    5 5.000(0.000)
    5 5.000(0.000)
    5 4.527(-0.473)
    4 4.185(0.185)
    5 5.000(0.000)
    5 5.000(0.000)
    4 4.049(0.049)
    5 4.080(-0.920)
    4 4.128(0.128)
    2 2.398(0.398)
    4 4.063(0.063)
    5 4.951(-0.049)
    5 4.566(-0.434)
    5 4.987(-0.013)
    5 5.000(0.000)
    5 4.788(-0.212)
    5 5.000(0.000)
    1 1.209(0.209)
    5 5.000(0.000)
    5 5.000(0.000)

Average Error: 0.172
Correlation: 0.984
Inversion Count: 451
