    5 5.000(0.000)
    5 5.000(0.000)
    5 5.000(0.000)
    5 5.000(0.000)
    5 5.000(0.000)
    5 5.000(0.000)
    5 5.000(0.000)
    2 2.106(0.106)
    1 1.200(0.200)
    1 1.200(0.200)
    1 1.113(0.113)
    2 2.275(0.275)
    5 4.605(-0.395)
    1 1.200(0.200)
    2 2.345(0.345)
    2 2.461(0.461)
    2 2.128(0.128)
    2 2.024(0.024)
    2 2.050(0.050)
    2 2.281(0.281)
    4 4.120(0.120)
    4 3.973(-0.027)
    4 4.025(0.025)
    4 3.865(-0.135)
    4 3.807(-0.193)
    5 4.467(-0.533)
    4 3.836(-0.164)
    4 4.176(0.176)
    2 2.387(0.387)
    5 4.419(-0.581)
    5 5.000(0.000)
    5 5.000(0.000)
    5 4.825(-0.175)
    5 4.672(-0.328)
    3 3.323(0.323)
    5 4.595(-0.405)
    5 4.725(-0.275)
    5 4.623(-0.377)
    4 4.149(0.149)
    5 4.667(-0.333)
    5 4.642(-0.358)
    5 4.941(-0.059)
    4 4.050(0.050)
    4 4.075(0.075)
    4 3.905(-0.095)
    4 3.736(-0.264)
    4 3.747(-0.253)
    4 3.892(-0.108)
    4 4.142(0.142)
    5 4.711(-0.289)
    2 2.351(0.351)
    4 3.969(-0.031)
    5 4.760(-0.240)
    4 3.981(-0.019)
    5 4.397(-0.603)
    5 4.606(-0.394)
    5 4.940(-0.060)
    5 5.000(0.000)
    5 4.620(-0.380)
    5 4.836(-0.164)
    5 4.898(-0.102)
    5 4.854(-0.146)
    5 4.931(-0.069)
    5 4.771(-0.229)
    5 4.248(-0.752)
    4 4.005(0.005)
    5 4.313(-0.687)
    5 4.166(-0.834)
    4 3.816(-0.184)
    4 3.948(-0.052)
    4 3.950(-0.050)
    4 3.839(-0.161)
    4 3.958(-0.042)
    5 5.000(0.000)
    5 5.000(0.000)
    5 5.000(0.000)
    5 5.000(0.000)
    5 5.000(0.000)
    5 5.000(0.000)
    5 5.000(0.000)
    1 0.914(-0.086)
    1 1.200(0.200)
    1 1.200(0.200)
    1 1.200(0.200)
    1 1.200(0.200)
    1 1.200(0.200)
    1 1.164(0.164)
    1 1.200(0.200)
    1 1.200(0.200)
    1 1.200(0.200)
    5 5.000(0.000)
    2 2.133(0.133)
    4 3.981(-0.019)
    5 4.629(-0.371)
    5 4.729(-0.271)
    5 4.575(-0.425)
    5 4.734(-0.266)
    4 3.966(-0.034)
    5 4.700(-0.300)
    5 4.950(-0.050)
    4 4.050(0.050)
    5 5.000(0.000)
    5 5.000(0.000)
    5 4.820(-0.180)
    5 5.000(0.000)
    5 5.000(0.000)
    5 4.638(-0.362)
    5 5.000(0.000)
    5 5.000(0.000)
    5 4.658(-0.342)
    3 3.300(0.300)
    4 3.995(-0.005)
    3 2.975(-0.025)
    2 2.331(0.331)
    3 3.387(0.387)
    4 4.089(0.089)
    3 3.402(0.402)
    3 3.118(0.118)
    4 3.673(-0.327)
    4 3.826(-0.174)
    5 4.819(-0.181)
    5 4.739(-0.261)
    5 4.286(-0.714)
    5 4.718(-0.282)
    5 5.000(0.000)
    5 5.000(0.000)
    5 4.904(-0.096)
    5 4.639(-0.361)
    5 4.688(-0.312)
    2 2.507(0.507)
    5 4.643(-0.357)
    5 4.721(-0.279)
    5 4.756(-0.244)
    5 4.908(-0.092)
    5 4.708(-0.292)
    5 4.775(-0.225)
    5 4.901(-0.099)
    5 4.647(-0.353)
    4 3.985(-0.015)
    5 4.822(-0.178)
    5 4.654(-0.346)
    5 4.522(-0.478)
    5 4.811(-0.189)
    5 4.708(-0.292)
    5 4.700(-0.300)
    5 5.000(0.000)
    5 4.700(-0.300)
    5 4.933(-0.067)
    5 5.000(0.000)
    5 4.950(-0.050)
    4 3.900(-0.100)
    4 3.822(-0.178)
    4 3.850(-0.150)
    3 3.144(0.144)
    5 4.950(-0.050)
    1 1.200(0.200)
    1 1.200(0.200)
    1 1.200(0.200)
    1 1.200(0.200)
    1 1.200(0.200)
    1 1.200(0.200)
    1 1.200(0.200)
    1 1.200(0.200)
    1 1.200(0.200)
    1 1.200(0.200)
    1 1.200(0.200)
    1 1.200(0.200)
    1 1.200(0.200)
    1 1.342(0.342)
    1 1.200(0.200)
    1 1.200(0.200)
    1 1.200(0.200)
    1 1.467(0.467)
    1 1.200(0.200)
    1 1.200(0.200)
    1 1.200(0.200)
    1 1.200(0.200)
    1 1.200(0.200)
    1 1.200(0.200)
    1 1.200(0.200)
    1 1.200(0.200)
    1 1.200(0.200)
    1 1.200(0.200)
    1 1.200(0.200)
    1 1.200(0.200)
    5 5.000(0.000)
    5 5.000(0.000)
    5 5.000(0.000)
    5 4.950(-0.050)
    5 4.950(-0.050)
    5 4.804(-0.196)
    5 4.892(-0.108)
    5 4.836(-0.164)
    5 5.000(0.000)
    5 5.000(0.000)
    5 5.000(0.000)
    5 5.000(0.000)
    5 5.000(0.000)
    5 4.867(-0.133)
    5 5.000(0.000)
    5 5.000(0.000)
    5 5.000(0.000)
    5 4.690(-0.310)
    5 5.000(0.000)
    5 4.802(-0.198)
    5 4.800(-0.200)
    5 5.000(0.000)
    5 5.000(0.000)
    4 4.106(0.106)
    3 3.132(0.132)
    2 2.967(0.967)
    5 4.967(-0.033)
    5 4.835(-0.165)
    5 5.000(0.000)
    5 4.633(-0.367)
    5 4.820(-0.180)
    5 4.765(-0.235)
    5 5.000(0.000)
    1 1.200(0.200)
    5 4.524(-0.476)
    5 4.819(-0.181)
    5 4.363(-0.637)
    5 4.552(-0.448)
    5 4.642(-0.358)
    5 5.000(0.000)
    5 4.933(-0.067)
    5 5.000(0.000)
    5 5.000(0.000)
    5 4.933(-0.067)
    5 4.933(-0.067)
    4 4.200(0.200)
    4 3.874(-0.126)
    2 2.458(0.458)
    1 1.700(0.700)
    3 3.014(0.014)
    4 3.839(-0.161)
    4 4.004(0.004)
    4 3.961(-0.039)
    4 4.141(0.141)
    5 4.756(-0.244)
    5 4.863(-0.137)
    5 4.892(-0.108)
    5 4.836(-0.164)
    5 4.984(-0.016)
    5 4.685(-0.315)
    5 5.000(0.000)
    5 5.000(0.000)
    5 4.919(-0.081)
    5 5.000(0.000)
    5 5.000(0.000)
    5 4.768(-0.232)
    5 4.450(-0.550)
    5 5.000(0.000)
    5 4.950(-0.050)
    5 4.974(-0.026)
    5 4.607(-0.393)
    5 4.685(-0.315)
    1 1.450(0.450)
    3 3.311(0.311)
    5 4.454(-0.546)
    5 5.000(0.000)
    4 4.083(0.083)
    4 4.250(0.250)
    4 3.825(-0.175)
    5 4.523(-0.477)
    5 4.700(-0.300)
    2 2.229(0.229)
    3 3.133(0.133)
    3 3.439(0.439)
    2 2.300(0.300)
    3 3.444(0.444)
    3 3.345(0.345)
    1 1.200(0.200)
    1 1.050(0.050)
    5 4.894(-0.106)
    1 1.200(0.200)
    1 1.200(0.200)
    1 1.333(0.333)
    1 1.752(0.752)
    1 1.200(0.200)
    1 1.600(0.600)
    1 1.467(0.467)
    1 1.067(0.067)
    4 3.997(-0.003)
    5 4.462(-0.538)
    5 4.059(-0.941)
    3 2.906(-0.094)
    4 3.923(-0.077)
    5 4.461(-0.539)
    4 4.195(0.195)
    5 4.525(-0.475)
    5 4.265(-0.735)
    5 4.770(-0.230)
    5 4.757(-0.243)
    4 4.137(0.137)
    5 4.800(-0.200)
    5 4.791(-0.209)
    5 4.352(-0.648)
    5 4.531(-0.469)
    4 4.117(0.117)
    4 4.060(0.060)
    4 4.158(0.158)
    4 3.868(-0.132)
    4 3.967(-0.033)
    4 4.031(0.031)
    4 3.812(-0.188)
    4 4.011(0.011)
    4 3.819(-0.181)
    4 3.842(-0.158)
    5 5.000(0.000)
    5 4.833(-0.167)
    5 4.921(-0.079)
    5 5.000(0.000)
    5 5.000(0.000)
    5 5.000(0.000)
    5 4.719(-0.281)
    5 5.000(0.000)
    5 4.766(-0.234)
    5 4.559(-0.441)
    5 4.423(-0.577)
    1 1.883(0.883)
    3 3.018(0.018)
    3 2.883(-0.117)
    5 4.723(-0.277)
    2 1.970(-0.030)
    4 4.133(0.133)
    4 4.013(0.013)
    5 4.771(-0.229)
    5 4.622(-0.378)
    5 4.788(-0.212)
    3 3.192(0.192)
    1 1.904(0.904)
    5 4.825(-0.175)
    4 4.238(0.238)
    5 5.000(0.000)
    5 4.460(-0.540)
    2 2.000(0.000)
    4 3.911(-0.089)
    5 4.585(-0.415)
    5 5.000(0.000)
    5 5.000(0.000)
    5 4.900(-0.100)
    5 5.000(0.000)
    5 4.804(-0.196)
    5 5.000(0.000)
    5 4.995(-0.005)
    5 5.000(0.000)
    5 4.879(-0.121)
    5 4.969(-0.031)
    5 5.000(0.000)
    5 4.768(-0.232)
    3 3.138(0.138)
    5 4.773(-0.227)
    5 4.780(-0.220)
    3 3.141(0.141)
    5 4.807(-0.193)
    5 5.000(0.000)
    5 5.000(0.000)
    5 5.000(0.000)
    5 5.000(0.000)
    5 5.000(0.000)
    5 5.000(0.000)
    5 5.000(0.000)
    5 5.000(0.000)
    5 5.000(0.000)
    5 4.836(-0.164)
    3 3.425(0.425)
    3 2.933(-0.067)
    5 4.892(-0.108)
    1 1.723(0.723)
    1 1.843(0.843)
    2 2.400(0.400)
    4 3.943(-0.057)
    1 1.630(0.630)
    2 2.300(0.300)
    5 4.756(-0.244)
    1 1.843(0.843)
    2 2.717(0.717)
    2 2.229(0.229)
    5 4.426(-0.574)
    5 4.867(-0.133)
    5 4.729(-0.271)
    1 1.333(0.333)
    5 4.779(-0.221)
    4 4.200(0.200)
    2 2.229(0.229)
    5 4.825(-0.175)
    5 5.000(0.000)
    5 4.986(-0.014)
    5 5.000(0.000)
    5 5.000(0.000)
    3 3.030(0.030)
    5 4.293(-0.707)
    5 4.057(-0.943)
    2 2.152(0.152)
    3 3.061(0.061)
    3 3.152(0.152)
    3 2.947(-0.053)
    4 4.057(0.057)
    4 4.050(0.050)
    4 4.008(0.008)
    4 4.200(0.200)
    4 4.368(0.368)
    4 3.815(-0.185)
    4 4.200(0.200)
    5 4.767(-0.233)
    4 4.006(0.006)
    4 4.087(0.087)
    5 4.883(-0.117)
    5 4.403(-0.597)
    5 5.000(0.000)
    3 2.979(-0.021)
    5 5.000(0.000)
    5 4.861(-0.139)
    5 4.836(-0.164)
    2 2.133(0.133)
    5 4.684(-0.316)
    1 1.250(0.250)
    5 5.000(0.000)
    5 5.000(0.000)
    5 5.000(0.000)
    5 5.000(0.000)
    5 5.000(0.000)
    5 5.000(0.000)
    5 5.000(0.000)
    5 5.000(0.000)
    5 4.593(-0.407)
    5 4.777(-0.223)
    5 4.967(-0.033)
    4 3.845(-0.155)
    2 2.407(0.407)
    5 4.700(-0.300)
    5 4.535(-0.465)
    5 4.536(-0.464)
    5 4.950(-0.050)
    5 4.903(-0.097)
    5 4.748(-0.252)
    4 3.871(-0.129)
    5 4.725(-0.275)
    5 5.000(0.000)
    4 4.342(0.342)
    5 4.688(-0.312)
    4 4.125(0.125)
    5 4.663(-0.337)
    5 4.793(-0.207)
    5 4.693(-0.307)
    3 3.123(0.123)
    3 3.125(0.125)
    3 3.132(0.132)
    3 2.959(-0.041)
    3 3.177(0.177)
    3 2.850(-0.150)
    3 2.883(-0.117)
    3 3.138(0.138)
    3 3.013(0.013)
    3 3.138(0.138)
    3 3.008(0.008)
    3 2.894(-0.106)
    3 2.995(-0.005)
    3 2.950(-0.050)
    3 2.883(-0.117)
    3 2.842(-0.158)
    3 2.875(-0.125)
    3 3.000(0.000)
    3 3.132(0.132)
    3 2.961(-0.039)
    3 2.842(-0.158)
    3 3.064(0.064)
    3 3.117(0.117)
    3 2.725(-0.275)
    5 5.000(0.000)
    1 1.200(0.200)
    5 4.852(-0.148)
    4 4.059(0.059)
    5 4.825(-0.175)
    5 5.000(0.000)
    4 3.986(-0.014)
    5 4.638(-0.362)
    3 3.050(0.050)
    4 3.950(-0.050)
    5 5.000(0.000)
    5 4.950(-0.050)
    5 5.000(0.000)
    5 4.814(-0.186)
    5 4.589(-0.411)
    5 4.836(-0.164)
    5 4.971(-0.029)
    5 4.719(-0.281)
    5 4.517(-0.483)
    5 4.804(-0.196)
    5 4.729(-0.271)
    5 5.000(0.000)
    4 3.867(-0.133)
    5 4.777(-0.223)
    5 4.756(-0.244)
    3 3.200(0.200)
    5 5.000(0.000)
    4 4.057(0.057)
    4 4.169(0.169)
    5 4.583(-0.417)
    5 4.925(-0.075)
    1 1.970(0.970)
    4 4.164(0.164)
    4 3.911(-0.089)
    4 4.117(0.117)
    5 4.491(-0.509)
    4 4.008(0.008)
    5 4.557(-0.443)
    5 4.625(-0.375)
    1 1.200(0.200)
    5 4.986(-0.014)
    5 5.000(0.000)
    5 4.919(-0.081)
    5 5.000(0.000)
    5 5.000(0.000)
    5 5.000(0.000)
    5 4.950(-0.050)
    5 5.000(0.000)
    5 5.000(0.000)
    5 5.000(0.000)
    5 5.000(0.000)
    5 5.000(0.000)
    5 4.184(-0.816)
    5 4.957(-0.043)
    4 3.809(-0.191)
    4 3.867(-0.133)
    5 4.409(-0.591)
    5 4.575(-0.425)
    5 4.295(-0.705)
    4 4.030(0.030)
    5 4.354(-0.646)
    5 4.664(-0.336)
    4 3.943(-0.057)
    5 4.178(-0.822)
    5 5.000(0.000)
    5 5.000(0.000)
    5 5.000(0.000)
    3 2.800(-0.200)
    5 5.000(0.000)
    5 5.000(0.000)
    5 5.000(0.000)
    5 5.000(0.000)
    5 5.000(0.000)
    3 3.213(0.213)
    5 4.825(-0.175)
    4 3.854(-0.146)
    2 2.153(0.153)
    5 5.000(0.000)
    3 3.161(0.161)
    3 3.050(0.050)
    3 2.935(-0.065)
    3 3.130(0.130)
    3 2.822(-0.178)
    3 3.193(0.193)
    5 5.000(0.000)
    4 4.200(0.200)
    5 4.721(-0.279)
    5 4.950(-0.050)
    5 4.873(-0.127)
    5 4.786(-0.214)
    5 4.792(-0.208)
    5 4.933(-0.067)
    5 5.000(0.000)
    5 4.709(-0.291)
    5 4.783(-0.217)
    5 4.291(-0.709)
    5 4.867(-0.133)
    5 4.843(-0.157)
    5 4.965(-0.035)
    5 4.465(-0.535)
    5 4.741(-0.259)
    5 5.000(0.000)
    5 5.000(0.000)
    5 5.000(0.000)
    5 5.000(0.000)
    5 5.000(0.000)
    5 5.000(0.000)
    2 2.050(0.050)
    2 1.825(-0.175)
    4 4.065(0.065)
    5 4.767(-0.233)
    5 4.779(-0.221)
    5 4.825(-0.175)
    3 3.200(0.200)
    5 5.000(0.000)
    5 4.606(-0.394)
    5 5.000(0.000)
    5 4.888(-0.112)
    2 2.415(0.415)
    4 4.225(0.225)
    2 2.871(0.871)
    4 3.877(-0.123)
    4 4.007(0.007)
    2 2.357(0.357)
    2 2.420(0.420)
    4 4.157(0.157)
    2 2.480(0.480)
    4 3.826(-0.174)
    4 3.994(-0.006)
    4 3.976(-0.024)
    5 4.682(-0.318)
    5 4.566(-0.434)
    5 4.325(-0.675)
    4 3.868(-0.132)
    5 4.661(-0.339)
    5 4.933(-0.067)
    5 5.000(0.000)
    5 4.828(-0.172)
    5 5.000(0.000)
    5 4.446(-0.554)
    5 4.568(-0.432)
    5 4.880(-0.120)
    5 4.836(-0.164)
    1 0.979(-0.021)
    5 4.330(-0.670)
    5 4.836(-0.164)
    5 4.504(-0.496)
    5 4.756(-0.244)
    5 4.763(-0.237)
    5 4.779(-0.221)
    5 4.266(-0.734)
    5 4.907(-0.093)
    2 2.407(0.407)
    5 4.900(-0.100)
    5 4.684(-0.316)
    4 4.183(0.183)
    4 3.925(-0.075)
    4 3.911(-0.089)
    5 5.000(0.000)
    5 4.811(-0.189)
    2 2.031(0.031)
    2 2.000(0.000)
    2 1.925(-0.075)
    2 2.000(0.000)
    5 4.533(-0.467)
    5 4.836(-0.164)
    2 2.200(0.200)
    2 2.200(0.200)
    1 1.200(0.200)
    1 1.200(0.200)
    5 4.867(-0.133)
    5 4.565(-0.435)
    5 5.000(0.000)
    5 4.725(-0.275)
    5 4.950(-0.050)
    5 5.000(0.000)
    5 5.000(0.000)
    5 4.585(-0.415)
    5 4.560(-0.440)
    1 1.003(0.003)
    1 1.741(0.741)
    5 4.867(-0.133)
    5 4.372(-0.628)
    5 4.234(-0.766)
    1 1.182(0.182)
    5 4.678(-0.322)
    4 4.185(0.185)
    5 4.692(-0.308)
    5 4.593(-0.407)
    5 4.531(-0.469)
    5 4.914(-0.086)
    5 5.000(0.000)
    5 5.000(0.000)
    5 4.804(-0.196)
    5 4.672(-0.328)
    5 4.892(-0.108)
    5 5.000(0.000)
    5 4.335(-0.665)
    1 1.200(0.200)
    1 1.200(0.200)
    1 1.200(0.200)
    1 1.200(0.200)
    1 1.300(0.300)
    4 3.825(-0.175)
    1 1.450(0.450)
    3 2.863(-0.137)
    5 5.000(0.000)
    5 4.756(-0.244)
    5 5.000(0.000)
    5 5.000(0.000)
    5 5.000(0.000)
    5 5.000(0.000)
    5 5.000(0.000)
    5 4.908(-0.092)
    5 4.727(-0.273)
    5 4.892(-0.108)
    5 4.950(-0.050)
    2 2.792(0.792)
    5 4.582(-0.418)
    5 5.000(0.000)
    4 4.005(0.005)
    3 2.905(-0.095)
    3 3.561(0.561)
    3 2.845(-0.155)
    5 4.861(-0.139)
    5 4.917(-0.083)
    5 4.710(-0.290)
    5 4.836(-0.164)
    5 4.950(-0.050)
    5 4.611(-0.389)
    4 3.940(-0.060)
    5 4.867(-0.133)
    5 5.000(0.000)
    5 5.000(0.000)
    5 5.000(0.000)
    5 5.000(0.000)
    5 5.000(0.000)
    5 5.000(0.000)
    5 5.000(0.000)
    3 2.994(-0.006)
    4 4.043(0.043)
    5 4.848(-0.152)
    5 4.636(-0.364)
    4 4.180(0.180)
    5 4.848(-0.152)
    2 2.014(0.014)
    5 4.914(-0.086)
    5 4.950(-0.050)
    5 4.914(-0.086)
    5 5.000(0.000)
    5 4.950(-0.050)
    5 5.000(0.000)
    5 4.914(-0.086)
    5 4.729(-0.271)
    5 4.883(-0.117)
    5 4.800(-0.200)
    5 5.000(0.000)
    5 4.950(-0.050)
    5 5.000(0.000)
    4 4.073(0.073)
    4 3.911(-0.089)
    4 4.200(0.200)
    5 5.000(0.000)
    4 4.200(0.200)
    4 4.133(0.133)
    5 4.771(-0.229)
    5 4.805(-0.195)
    5 4.783(-0.217)
    5 4.773(-0.227)
    5 4.825(-0.175)
    5 4.575(-0.425)
    5 4.684(-0.316)
    5 4.783(-0.217)
    5 4.304(-0.696)
    5 5.000(0.000)
    5 4.950(-0.050)
    5 5.000(0.000)
    5 5.000(0.000)
    5 5.000(0.000)
    4 4.113(0.113)
    3 3.193(0.193)
    5 4.846(-0.154)
    4 4.153(0.153)
    2 2.133(0.133)
    2 2.200(0.200)
    4 4.133(0.133)
    1 1.536(0.536)
    5 5.000(0.000)
    5 5.000(0.000)
    5 4.768(-0.232)
    5 5.000(0.000)
    5 5.000(0.000)
    5 5.000(0.000)
    5 5.000(0.000)
    5 5.000(0.000)
    5 5.000(0.000)
    5 4.768(-0.232)
    5 5.000(0.000)
    5 5.000(0.000)
    5 5.000(0.000)
    5 5.000(0.000)
    5 5.000(0.000)
    5 4.903(-0.097)
    5 4.892(-0.108)
    5 4.914(-0.086)
    5 4.519(-0.481)
    5 4.914(-0.086)
    5 4.700(-0.300)
    5 5.000(0.000)
    5 4.879(-0.121)
    5 5.000(0.000)
    5 5.000(0.000)
    5 4.914(-0.086)
    5 5.000(0.000)
    5 4.771(-0.229)
    5 4.888(-0.112)
    5 4.610(-0.390)
    5 4.835(-0.165)
    5 4.787(-0.213)
    5 4.876(-0.124)
    4 4.071(0.071)
    5 4.783(-0.217)
    5 4.794(-0.206)
    5 4.839(-0.161)
    1 1.209(0.209)
    5 5.000(0.000)
    5 5.000(0.000)
    5 5.000(0.000)
    5 5.000(0.000)
    5 5.000(0.000)
    5 5.000(0.000)
    5 5.000(0.000)
    5 5.000(0.000)
    5 5.000(0.000)
    5 5.000(0.000)
    5 5.000(0.000)
    5 5.000(0.000)
    5 5.000(0.000)
    5 5.000(0.000)
    5 5.000(0.000)
    5 5.000(0.000)
    5 5.000(0.000)
    5 5.000(0.000)
    5 5.000(0.000)
    5 5.000(0.000)
    5 5.000(0.000)
    4 3.714(-0.286)
    3 3.154(0.154)
    5 4.546(-0.454)
    4 4.136(0.136)
    3 3.180(0.180)
    5 4.626(-0.374)
    5 4.813(-0.187)
    5 4.950(-0.050)
    2 2.467(0.467)
    5 4.687(-0.313)
    3 3.157(0.157)
    3 2.883(-0.117)
    3 3.150(0.150)
    3 3.150(0.150)
    3 2.925(-0.075)
    4 3.900(-0.100)
    4 3.907(-0.093)
    4 3.850(-0.150)
    4 4.008(0.008)
    4 4.078(0.078)
    4 3.850(-0.150)
    4 4.200(0.200)
    4 4.144(0.144)
    4 4.100(0.100)
    5 5.000(0.000)
    3 3.200(0.200)
    5 4.607(-0.393)
    5 4.861(-0.139)
    5 5.000(0.000)
    5 4.867(-0.133)
    5 4.950(-0.050)
    5 5.000(0.000)
    5 4.825(-0.175)
    5 5.000(0.000)
    5 5.000(0.000)
    5 5.000(0.000)
    5 4.742(-0.258)
    5 5.000(0.000)
    5 4.900(-0.100)
    5 4.900(-0.100)
    5 5.000(0.000)
    5 5.000(0.000)
    5 5.000(0.000)
    5 5.000(0.000)
    5 4.912(-0.088)
    5 4.739(-0.261)
    5 4.450(-0.550)
    2 2.121(0.121)
    5 4.700(-0.300)
    5 4.625(-0.375)
    5 4.833(-0.167)
    5 4.921(-0.079)
    5 4.950(-0.050)
    5 4.800(-0.200)
    5 4.763(-0.237)
    5 4.589(-0.411)
    5 5.000(0.000)
    5 5.000(0.000)
    5 5.000(0.000)
    5 5.000(0.000)
    5 4.722(-0.278)
    5 4.892(-0.108)
    2 2.033(0.033)
    5 4.711(-0.289)
    5 4.402(-0.598)
    4 3.978(-0.022)
    4 4.050(0.050)
    5 4.950(-0.050)
    4 4.117(0.117)
    5 5.000(0.000)
    4 3.843(-0.157)
    5 4.629(-0.371)
    5 5.000(0.000)
    5 4.672(-0.328)
    5 4.738(-0.262)
    5 4.438(-0.562)
    5 4.400(-0.600)
    5 4.552(-0.448)
    5 5.000(0.000)
    5 4.667(-0.333)
    5 4.521(-0.479)
    5 5.000(0.000)
    5 5.000(0.000)
    5 4.700(-0.300)
    4 3.825(-0.175)
    5 5.000(0.000)
    5 4.779(-0.221)
    5 4.950(-0.050)
    5 4.802(-0.198)
    4 3.950(-0.050)
    4 3.998(-0.002)
    4 3.880(-0.120)
    5 5.000(0.000)
    4 4.024(0.024)
    4 4.106(0.106)
    5 4.900(-0.100)
    5 5.000(0.000)
    1 1.200(0.200)
    5 4.825(-0.175)
    1 1.200(0.200)
    1 1.050(0.050)
    1 1.200(0.200)
    1 1.200(0.200)
    1 1.050(0.050)
    5 4.986(-0.014)
    2 2.127(0.127)
    5 5.000(0.000)
    1 1.217(0.217)
    5 5.000(0.000)
    5 4.950(-0.050)
    5 5.000(0.000)
    4 3.950(-0.050)
    5 4.700(-0.300)
    3 3.150(0.150)
    3 3.109(0.109)
    3 3.175(0.175)
    5 4.811(-0.189)
    5 5.000(0.000)
    3 2.935(-0.065)
    3 3.135(0.135)
    3 2.950(-0.050)
    3 2.911(-0.089)
    3 3.200(0.200)
    3 2.818(-0.182)
    3 3.113(0.113)
    3 3.208(0.208)
    5 4.846(-0.154)
    5 4.853(-0.147)
    5 5.000(0.000)
    5 4.783(-0.217)
    5 4.721(-0.279)
    5 4.950(-0.050)
    5 4.892(-0.108)
    5 4.450(-0.550)
    5 4.804(-0.196)
    5 4.867(-0.133)
    5 4.800(-0.200)
    5 4.773(-0.227)
    5 4.400(-0.600)
    5 4.647(-0.353)
    5 4.867(-0.133)
    5 5.000(0.000)
    5 4.756(-0.244)
    5 4.700(-0.300)
    5 4.971(-0.029)
    5 5.000(0.000)
    5 4.667(-0.333)
    5 4.925(-0.075)
    5 5.000(0.000)
    5 5.000(0.000)
    5 5.000(0.000)
    1 1.200(0.200)
    5 5.000(0.000)
    5 5.000(0.000)
    5 5.000(0.000)
    5 5.000(0.000)
    5 5.000(0.000)
    5 5.000(0.000)
    5 4.906(-0.094)
    5 4.606(-0.394)
    5 4.835(-0.165)
    5 5.000(0.000)
    5 5.000(0.000)
    5 4.950(-0.050)
    5 5.000(0.000)
    5 5.000(0.000)
    5 4.986(-0.014)
    5 5.000(0.000)
    4 3.748(-0.252)
    5 4.426(-0.574)
    5 4.460(-0.540)
    5 4.593(-0.407)
    5 4.867(-0.133)
    5 4.835(-0.165)
    4 4.021(0.021)
    4 3.921(-0.079)
    5 4.748(-0.252)
    5 4.756(-0.244)
    3 3.757(0.757)
    3 3.363(0.363)
    5 4.580(-0.420)
    5 4.453(-0.547)
    4 4.063(0.063)
    2 2.726(0.726)
    5 4.671(-0.329)
    4 3.876(-0.124)
    3 2.992(-0.008)
    2 2.371(0.371)
    5 4.756(-0.244)
    5 4.811(-0.189)
    4 3.606(-0.394)
    5 4.836(-0.164)
    5 4.733(-0.267)
    4 4.164(0.164)
    5 4.811(-0.189)
    5 4.883(-0.117)
    5 4.650(-0.350)
    5 4.809(-0.191)
    5 4.506(-0.494)
    5 4.750(-0.250)
    4 3.979(-0.021)
    5 5.000(0.000)
    5 5.000(0.000)
    5 5.000(0.000)
    5 5.000(0.000)
    3 3.411(0.411)
    5 4.804(-0.196)
    4 3.983(-0.017)
    5 4.803(-0.197)
    5 4.295(-0.705)
    5 4.756(-0.244)
    5 4.563(-0.437)
    5 4.835(-0.165)
    5 5.000(0.000)
    4 3.994(-0.006)
    4 3.825(-0.175)
    4 4.050(0.050)
    3 2.905(-0.095)
    4 4.161(0.161)
    5 4.700(-0.300)
    4 3.946(-0.054)
    3 3.106(0.106)
    3 3.100(0.100)
    5 4.807(-0.193)
    5 5.000(0.000)
    5 5.000(0.000)
    5 4.768(-0.232)
    5 4.700(-0.300)
    5 5.000(0.000)
    5 5.000(0.000)
    5 5.000(0.000)
    4 4.050(0.050)
    4 3.925(-0.075)
    5 4.836(-0.164)
    5 4.716(-0.284)
    5 5.000(0.000)
    5 4.259(-0.741)
    4 4.164(0.164)
    5 4.904(-0.096)
    3 2.742(-0.258)
    5 4.347(-0.653)
    3 3.206(0.206)
    4 3.979(-0.021)
    3 2.800(-0.200)
    3 2.979(-0.021)
    3 3.008(0.008)
    3 3.200(0.200)
    5 5.000(0.000)
    5 4.700(-0.300)
    5 5.000(0.000)
    5 5.000(0.000)
    5 5.000(0.000)
    5 4.733(-0.267)
    5 4.638(-0.362)
    4 3.848(-0.152)
    1 1.050(0.050)
    5 5.000(0.000)
    3 2.997(-0.003)
    4 3.936(-0.064)
    5 5.000(0.000)
    4 3.483(-0.517)
    4 3.933(-0.067)
    5 4.533(-0.467)
    5 5.000(0.000)
    4 4.024(0.024)
    5 4.902(-0.098)
    5 4.498(-0.502)
    2 1.850(-0.150)
    5 4.500(-0.500)
    5 5.000(0.000)
    5 4.986(-0.014)
    3 2.883(-0.117)
    4 3.979(-0.021)
    5 5.000(0.000)
    5 5.000(0.000)
    5 4.835(-0.165)
    5 5.000(0.000)
    5 4.867(-0.133)
    5 4.867(-0.133)
    5 5.000(0.000)
    5 4.700(-0.300)
    3 3.093(0.093)
    5 4.802(-0.198)
    4 3.883(-0.117)
    3 3.148(0.148)
    3 2.932(-0.068)
    3 3.205(0.205)
    5 4.654(-0.346)
    5 4.692(-0.308)
    5 4.665(-0.335)
    5 4.783(-0.217)
    5 4.483(-0.517)
    5 4.364(-0.636)
    5 4.533(-0.467)
    5 4.656(-0.344)
    5 4.376(-0.624)
    5 4.560(-0.440)
    5 4.390(-0.610)
    5 4.604(-0.396)
    5 4.426(-0.574)
    5 4.712(-0.288)
    5 4.629(-0.371)
    5 4.745(-0.255)
    5 4.406(-0.594)
    5 5.000(0.000)
    4 4.193(0.193)
    5 5.000(0.000)
    5 4.742(-0.258)
    5 5.000(0.000)
    5 5.000(0.000)
    5 5.000(0.000)
    4 3.912(-0.088)
    4 3.819(-0.181)
    3 3.128(0.128)
    3 3.200(0.200)
    5 4.756(-0.244)
    5 4.650(-0.350)
    1 1.853(0.853)
    5 4.680(-0.320)
    5 4.236(-0.764)
    5 4.514(-0.486)
    4 3.883(-0.117)
    5 5.000(0.000)
    5 5.000(0.000)
    5 4.450(-0.550)
    4 3.950(-0.050)
    2 2.550(0.550)
    2 2.613(0.613)
    4 4.200(0.200)
    4 4.200(0.200)
    3 3.550(0.550)
    5 4.804(-0.196)
    5 5.000(0.000)
    4 4.217(0.217)
    5 5.000(0.000)
    5 4.807(-0.193)
    4 3.617(-0.383)
    5 5.000(0.000)
    5 4.775(-0.225)
    5 5.000(0.000)
    5 4.733(-0.267)
    5 5.000(0.000)
    3 3.626(0.626)
    5 4.756(-0.244)
    5 4.927(-0.073)
    5 4.800(-0.200)
    4 3.850(-0.150)
    1 1.200(0.200)
    1 1.217(0.217)
    1 1.217(0.217)
    1 1.200(0.200)
    1 1.200(0.200)
    1 1.200(0.200)
    1 1.217(0.217)
    1 1.217(0.217)
    1 1.200(0.200)
    1 1.200(0.200)
    1 1.200(0.200)
    5 4.989(-0.011)
    5 4.756(-0.244)
    5 5.000(0.000)
    4 4.104(0.104)
    5 5.000(0.000)
    5 5.000(0.000)
    3 3.022(0.022)
    5 4.779(-0.221)
    2 2.435(0.435)
    2 2.133(0.133)
    5 4.443(-0.557)
    5 4.892(-0.108)
    5 5.000(0.000)
    5 4.438(-0.562)
    5 4.629(-0.371)
    3 2.982(-0.018)
    2 2.514(0.514)
    3 2.978(-0.022)
    4 3.911(-0.089)
    3 3.309(0.309)
    3 3.022(0.022)
    5 5.000(0.000)
    3 3.075(0.075)
    5 4.638(-0.362)
    5 5.000(0.000)
    5 4.617(-0.383)
    5 5.000(0.000)
    5 4.612(-0.388)
    5 4.756(-0.244)
    5 4.894(-0.106)
    5 4.859(-0.141)
    5 5.000(0.000)
    5 5.000(0.000)
    5 4.927(-0.073)
    5 4.995(-0.005)
    1 1.200(0.200)
    1 1.008(0.008)
    1 0.956(-0.044)
    4 4.020(0.020)
    5 4.613(-0.387)
    5 4.800(-0.200)
    5 4.390(-0.610)
    4 3.939(-0.061)
    5 4.800(-0.200)
    5 5.000(0.000)
    5 4.443(-0.557)
    5 4.986(-0.014)
    5 5.000(0.000)
    5 4.756(-0.244)
    5 4.783(-0.217)
    5 4.185(-0.815)
    5 4.340(-0.660)
    1 1.613(0.613)
    2 2.966(0.966)
    1 1.200(0.200)
    1 1.200(0.200)
    1 1.200(0.200)
    1 1.200(0.200)
    1 1.200(0.200)
    1 1.200(0.200)
    2 2.155(0.155)
    2 1.891(-0.109)
    2 1.823(-0.177)
    2 2.071(0.071)
    2 2.125(0.125)
    2 1.850(-0.150)
    5 4.492(-0.508)
    4 4.108(0.108)
    4 3.963(-0.037)
    4 4.174(0.174)
    4 3.825(-0.175)
    4 4.075(0.075)
    4 4.158(0.158)
    4 4.125(0.125)
    4 4.010(0.010)
    4 4.006(0.006)
    4 4.097(0.097)
    4 4.185(0.185)
    4 4.105(0.105)
    4 3.973(-0.027)
    3 3.276(0.276)
    5 4.670(-0.330)
    4 4.200(0.200)
    5 5.000(0.000)
    5 4.756(-0.244)
    5 5.000(0.000)
    5 5.000(0.000)
    5 4.700(-0.300)
    1 1.200(0.200)
    5 4.739(-0.261)
    5 4.921(-0.079)
    5 4.978(-0.022)
    5 4.852(-0.148)
    5 5.000(0.000)
    5 5.000(0.000)
    5 4.585(-0.415)
    5 5.000(0.000)
    5 5.000(0.000)
    5 5.000(0.000)
    5 5.000(0.000)
    5 4.861(-0.139)
    5 5.000(0.000)
    5 5.000(0.000)
    5 4.888(-0.112)
    1 1.200(0.200)
    5 5.000(0.000)
    5 5.000(0.000)
    5 4.528(-0.472)
    5 4.778(-0.222)
    5 4.356(-0.644)
    5 4.440(-0.560)
    5 4.867(-0.133)
    5 4.676(-0.324)
    5 4.575(-0.425)
    5 4.815(-0.185)
    4 3.900(-0.100)
    2 2.123(0.123)
    5 4.892(-0.108)
    2 2.031(0.031)
    2 1.943(-0.057)
    5 4.589(-0.411)
    5 5.000(0.000)
    5 5.000(0.000)
    5 5.000(0.000)
    5 5.000(0.000)
    5 5.000(0.000)
    5 5.000(0.000)
    1 1.200(0.200)
    1 1.200(0.200)
    1 1.200(0.200)
    1 1.200(0.200)
    5 4.484(-0.516)
    4 4.139(0.139)
    5 5.000(0.000)
    5 4.521(-0.479)
    5 4.766(-0.234)
    5 4.651(-0.349)
    5 4.840(-0.160)
    5 4.750(-0.250)
    5 4.857(-0.143)
    5 4.435(-0.565)
    4 4.085(0.085)
    5 4.756(-0.244)
    5 4.581(-0.419)
    2 2.206(0.206)
    2 2.200(0.200)
    5 4.533(-0.467)
    1 1.527(0.527)
    5 4.867(-0.133)
    5 5.000(0.000)
    5 5.000(0.000)
    5 4.867(-0.133)
    5 4.777(-0.223)
    5 5.000(0.000)
    5 5.000(0.000)
    5 4.988(-0.012)
    5 5.000(0.000)
    5 4.625(-0.375)
    5 4.723(-0.277)
    3 3.133(0.133)
    3 3.158(0.158)
    1 0.956(-0.044)
    1 1.550(0.550)
    5 5.000(0.000)
    3 3.152(0.152)
    4 4.158(0.158)
    4 3.815(-0.185)
    4 3.944(-0.056)
    4 4.050(0.050)
    3 3.200(0.200)
    5 5.000(0.000)
    5 5.000(0.000)
    5 4.914(-0.086)
    5 5.000(0.000)
    3 3.141(0.141)
    5 5.000(0.000)
    5 4.892(-0.108)
    5 5.000(0.000)
    5 4.821(-0.179)
    1 1.767(0.767)
    5 4.867(-0.133)
    5 4.846(-0.154)
    5 5.000(0.000)
    5 5.000(0.000)
    5 4.578(-0.422)
    1 1.200(0.200)
    1 1.113(0.113)
    1 1.200(0.200)
    1 1.613(0.613)
    1 1.200(0.200)
    4 4.158(0.158)
    4 4.262(0.262)
    5 4.825(-0.175)
    5 4.900(-0.100)
    1 1.200(0.200)
    4 4.019(0.019)
    4 4.090(0.090)
    4 3.765(-0.235)
    5 4.911(-0.089)
    4 3.858(-0.142)
    5 4.871(-0.129)
    4 3.843(-0.157)
    5 4.936(-0.064)
    4 3.911(-0.089)
    4 3.867(-0.133)
    5 4.852(-0.148)
    5 4.934(-0.066)
    5 4.804(-0.196)
    5 4.563(-0.437)
    1 1.200(0.200)
    1 1.200(0.200)
    1 1.200(0.200)
    1 1.200(0.200)
    1 1.200(0.200)
    1 1.200(0.200)
    1 1.200(0.200)
    1 1.200(0.200)
    1 1.200(0.200)
    1 1.200(0.200)
    1 1.200(0.200)
    1 1.200(0.200)
    1 1.200(0.200)
    1 1.200(0.200)
    1 1.200(0.200)
    1 1.200(0.200)
    5 4.856(-0.144)
    5 4.700(-0.300)
    5 5.000(0.000)
    5 5.000(0.000)
    5 5.000(0.000)
    5 5.000(0.000)
    5 5.000(0.000)
    1 1.200(0.200)
    5 4.825(-0.175)
    5 4.700(-0.300)
    5 4.903(-0.097)
    5 5.000(0.000)
    5 4.777(-0.223)
    5 4.921(-0.079)
    3 3.008(0.008)
    5 4.563(-0.437)
    5 4.921(-0.079)
    5 4.756(-0.244)
    4 4.021(0.021)
    5 5.000(0.000)
    4 4.024(0.024)
    5 4.745(-0.255)
    4 3.836(-0.164)
    4 3.972(-0.028)
    4 3.950(-0.050)
    5 5.000(0.000)
    5 4.739(-0.261)
    5 4.911(-0.089)
    5 5.000(0.000)
    5 4.575(-0.425)
    5 4.700(-0.300)
    4 4.043(0.043)
    5 4.433(-0.567)
    4 3.679(-0.321)
    5 4.825(-0.175)
    3 3.153(0.153)
    5 5.000(0.000)
    5 4.629(-0.371)
    5 5.000(0.000)
    2 2.353(0.353)
    5 5.000(0.000)
    5 5.000(0.000)
    5 4.836(-0.164)
    4 4.162(0.162)
    4 4.200(0.200)
    4 4.067(0.067)
    4 3.954(-0.046)
    4 4.008(0.008)
    1 1.200(0.200)
    5 4.986(-0.014)
    5 4.805(-0.195)
    5 5.000(0.000)
    5 5.000(0.000)
    3 3.125(0.125)
    5 4.761(-0.239)
    5 5.000(0.000)
    1 1.200(0.200)
    1 1.238(0.238)
    1 1.164(0.164)
    1 1.823(0.823)
    1 1.146(0.146)
    1 1.133(0.133)
    5 5.000(0.000)
    5 5.000(0.000)
    5 5.000(0.000)
    5 5.000(0.000)
    5 4.629(-0.371)
    5 4.756(-0.244)
    5 5.000(0.000)
    5 5.000(0.000)
    5 5.000(0.000)
    4 3.955(-0.045)
    3 3.206(0.206)
    2 2.338(0.338)
    5 5.000(0.000)
    4 4.200(0.200)
    1 1.253(0.253)
    3 2.918(-0.082)
    5 5.000(0.000)
    5 4.433(-0.567)
    5 4.791(-0.209)
    1 1.383(0.383)
    5 4.650(-0.350)
    5 5.000(0.000)
    5 5.000(0.000)
    5 4.914(-0.086)
    5 5.000(0.000)
    5 5.000(0.000)
    5 5.000(0.000)
    5 4.914(-0.086)
    5 5.000(0.000)
    5 5.000(0.000)
    5 4.867(-0.133)
    5 5.000(0.000)
    5 5.000(0.000)
    5 5.000(0.000)
    5 5.000(0.000)
    5 4.933(-0.067)
    5 5.000(0.000)
    5 5.000(0.000)
    5 4.867(-0.133)
    3 3.100(0.100)
    3 3.086(0.086)
    3 2.914(-0.086)
    3 3.117(0.117)
    3 3.200(0.200)
    3 2.908(-0.092)
    3 3.132(0.132)
    5 4.903(-0.097)
    5 4.804(-0.196)
    5 5.000(0.000)
    5 4.892(-0.108)
    5 4.725(-0.275)
    2 1.857(-0.143)
    4 4.056(0.056)
    2 2.109(0.109)
    2 1.990(-0.010)
    3 2.907(-0.093)
    3 3.117(0.117)
    3 3.193(0.193)
    3 3.021(0.021)
    3 3.117(0.117)
    3 2.950(-0.050)
    3 3.117(0.117)
    3 2.850(-0.150)
    3 2.850(-0.150)
    3 3.200(0.200)
    3 3.021(0.021)
    3 2.988(-0.012)
    3 2.850(-0.150)
    3 3.479(0.479)
    3 2.850(-0.150)
    3 2.907(-0.093)
    3 3.200(0.200)
    3 3.117(0.117)
    3 2.939(-0.061)
    3 3.050(0.050)
    2 3.064(1.064)
    5 4.560(-0.440)
    5 4.348(-0.652)
    3 3.546(0.546)
    5 4.836(-0.164)
    5 4.518(-0.482)
    5 4.473(-0.527)
    4 4.145(0.145)
    5 5.000(0.000)
    5 5.000(0.000)
    5 5.000(0.000)
    5 4.856(-0.144)
    5 5.000(0.000)
    5 5.000(0.000)
    5 5.000(0.000)
    5 5.000(0.000)
    5 5.000(0.000)
    5 5.000(0.000)
    5 4.739(-0.261)
    5 5.000(0.000)
    5 4.873(-0.127)
    5 4.488(-0.512)
    3 3.000(0.000)
    5 5.000(0.000)
    5 5.000(0.000)
    5 5.000(0.000)
    5 5.000(0.000)
    5 5.000(0.000)
    4 4.350(0.350)
    2 2.420(0.420)
    4 3.943(-0.057)
    4 3.938(-0.062)
    5 4.629(-0.371)
    3 3.123(0.123)
    3 3.264(0.264)
    4 3.871(-0.129)
    4 4.200(0.200)
    3 2.850(-0.150)
    5 5.000(0.000)
    5 5.000(0.000)
    5 5.000(0.000)
    2 2.133(0.133)
    5 4.825(-0.175)
    4 3.847(-0.153)
    4 3.986(-0.014)
    4 4.039(0.039)
    5 4.950(-0.050)
    5 5.000(0.000)
    5 4.567(-0.433)
    1 1.200(0.200)
    4 3.900(-0.100)
    3 3.013(0.013)
    4 4.117(0.117)
    4 4.200(0.200)
    4 4.152(0.152)
    5 4.748(-0.252)
    5 4.754(-0.246)
    5 4.933(-0.067)
    5 4.606(-0.394)
    4 4.041(0.041)
    5 4.820(-0.180)
    5 4.700(-0.300)
    5 5.000(0.000)
    4 3.681(-0.319)
    4 4.200(0.200)
    5 5.000(0.000)
    4 4.000(0.000)
    4 3.920(-0.080)
    4 3.983(-0.017)
    5 4.694(-0.306)
    4 3.106(-0.894)
    5 4.341(-0.659)
    5 5.000(0.000)
    3 3.118(0.118)
    5 5.000(0.000)
    5 5.000(0.000)
    5 4.988(-0.012)
    5 4.950(-0.050)
    4 4.109(0.109)
    1 2.035(1.035)
    1 1.451(0.451)
    1 3.226(2.226)
    1 1.322(0.322)
    5 4.496(-0.504)
    1 1.313(0.313)
    1 1.192(0.192)
    5 5.000(0.000)
    1 1.360(0.360)
    5 3.978(-1.022)
    5 4.206(-0.794)
    1 1.657(0.657)
    1 1.385(0.385)
    1 2.198(1.198)
    1 2.534(1.534)
    1 1.579(0.579)
    1 1.108(0.108)
    5 4.756(-0.244)
    5 4.414(-0.586)
    1 1.807(0.807)
    5 4.389(-0.611)
    5 4.413(-0.587)
    1 1.349(0.349)
    1 1.415(0.415)
    1 1.371(0.371)
    5 4.675(-0.325)
    5 4.552(-0.448)
    5 5.000(0.000)
    5 5.000(0.000)
    5 4.914(-0.086)
    5 5.000(0.000)
    5 5.000(0.000)
    5 5.000(0.000)
    5 5.000(0.000)
    5 5.000(0.000)
    5 5.000(0.000)
    5 5.000(0.000)
    5 5.000(0.000)
    5 5.000(0.000)
    3 3.061(0.061)
    5 5.000(0.000)
    2 1.891(-0.109)
    1 1.200(0.200)
    5 4.450(-0.550)
    3 3.117(0.117)
    5 4.575(-0.425)
    3 2.845(-0.155)
    4 4.107(0.107)
    4 3.793(-0.207)
    3 3.113(0.113)
    5 4.763(-0.237)
    5 4.218(-0.782)
    5 4.900(-0.100)
    5 4.834(-0.166)
    4 4.006(0.006)
    5 4.575(-0.425)
    4 3.922(-0.078)
    4 4.144(0.144)
    3 2.845(-0.155)
    3 3.350(0.350)
    3 3.014(0.014)
    3 2.896(-0.104)
    5 4.936(-0.064)
    2 2.300(0.300)
    5 4.185(-0.815)
    3 3.089(0.089)
    4 4.065(0.065)
    5 5.000(0.000)
    5 5.000(0.000)
    5 4.986(-0.014)
    5 4.728(-0.272)
    5 4.506(-0.494)
    5 4.856(-0.144)
    5 4.513(-0.487)
    5 5.000(0.000)
    5 5.000(0.000)
    4 4.153(0.153)
    5 4.745(-0.255)
    4 4.128(0.128)
    4 4.053(0.053)
    5 4.277(-0.723)
    4 4.003(0.003)
    4 3.794(-0.206)
    4 3.950(-0.050)
    4 3.950(-0.050)
    4 4.093(0.093)
    4 4.200(0.200)
    4 3.981(-0.019)
    4 3.700(-0.300)
    4 4.050(0.050)
    5 5.000(0.000)
    5 5.000(0.000)
    5 4.965(-0.035)
    5 5.000(0.000)
    5 4.756(-0.244)
    5 4.533(-0.467)
    5 5.000(0.000)
    5 5.000(0.000)
    5 4.667(-0.333)
    5 4.311(-0.689)
    5 4.700(-0.300)
    5 4.950(-0.050)
    5 5.000(0.000)
    5 4.714(-0.286)
    5 4.700(-0.300)
    5 5.000(0.000)
    5 5.000(0.000)
    5 5.000(0.000)
    5 5.000(0.000)
    5 5.000(0.000)
    5 5.000(0.000)
    5 4.843(-0.157)
    5 4.536(-0.464)
    2 1.911(-0.089)
    5 4.314(-0.686)
    5 4.780(-0.220)
    5 5.000(0.000)
    5 4.825(-0.175)
    5 5.000(0.000)
    5 5.000(0.000)
    2 2.433(0.433)
    2 2.223(0.223)
    3 3.102(0.102)
    3 3.017(0.017)
    3 3.060(0.060)
    5 4.811(-0.189)
    5 4.645(-0.355)
    5 4.718(-0.282)
    2 2.657(0.657)
    5 4.798(-0.202)
    4 4.059(0.059)
    4 4.023(0.023)
    4 4.168(0.168)
    5 4.450(-0.550)
    4 4.075(0.075)
    4 3.899(-0.101)
    5 4.764(-0.236)
    5 4.911(-0.089)
    5 4.709(-0.291)
    5 4.779(-0.221)
    5 4.747(-0.253)
    5 4.585(-0.415)
    5 4.739(-0.261)
    5 4.356(-0.644)
    5 4.629(-0.371)
    5 5.000(0.000)
    5 4.867(-0.133)
    1 1.200(0.200)
    1 1.200(0.200)
    1 1.200(0.200)
    1 1.200(0.200)
    1 1.200(0.200)
    1 1.200(0.200)
    5 5.000(0.000)
    5 4.825(-0.175)
    5 5.000(0.000)
    5 5.000(0.000)
    5 5.000(0.000)
    5 5.000(0.000)
    5 5.000(0.000)
    5 5.000(0.000)
    1 1.200(0.200)
    3 3.004(0.004)
    5 5.000(0.000)
    5 5.000(0.000)
    3 3.046(0.046)
    5 4.950(-0.050)
    5 5.000(0.000)
    5 5.000(0.000)
    5 5.000(0.000)
    4 3.808(-0.192)
    4 3.967(-0.033)
    5 5.000(0.000)
    5 4.669(-0.331)
    5 5.000(0.000)
    5 5.000(0.000)
    5 4.807(-0.193)
    5 5.000(0.000)
    5 5.000(0.000)
    5 5.000(0.000)
    5 5.000(0.000)
    5 5.000(0.000)
    1 1.200(0.200)
    1 1.200(0.200)
    1 1.200(0.200)
    1 1.200(0.200)
    1 1.200(0.200)
    1 1.200(0.200)
    1 1.200(0.200)
    1 1.606(0.606)
    1 1.108(0.108)
    3 3.589(0.589)
    5 4.554(-0.446)
    5 4.852(-0.148)
    4 4.094(0.094)
    4 3.732(-0.268)
    5 4.657(-0.343)
    4 3.920(-0.080)
    5 4.639(-0.361)
    4 3.919(-0.081)
    3 3.371(0.371)
    5 4.258(-0.742)
    5 4.248(-0.752)
    4 3.858(-0.142)
    3 2.856(-0.144)
    5 4.900(-0.100)
    3 2.836(-0.164)
    2 1.950(-0.050)
    5 4.557(-0.443)
    3 3.057(0.057)
    2 2.242(0.242)
    5 5.000(0.000)
    5 5.000(0.000)
    5 5.000(0.000)
    5 5.000(0.000)
    5 4.989(-0.011)
    5 4.938(-0.062)
    5 4.989(-0.011)
    3 3.050(0.050)
    5 4.783(-0.217)
    5 5.000(0.000)
    3 2.879(-0.121)
    3 2.978(-0.022)
    3 2.819(-0.181)
    3 2.847(-0.153)
    3 2.856(-0.144)
    3 3.022(0.022)
    3 3.081(0.081)
    3 2.872(-0.128)
    3 2.888(-0.112)
    3 3.277(0.277)
    4 3.862(-0.138)
    5 4.400(-0.600)
    1 1.200(0.200)
    2 2.133(0.133)
    5 4.650(-0.350)
    4 3.869(-0.131)
    5 4.863(-0.137)
    5 5.000(0.000)
    5 5.000(0.000)
    5 4.861(-0.139)
    5 4.700(-0.300)
    5 4.914(-0.086)
    5 4.729(-0.271)
    5 5.000(0.000)
    5 5.000(0.000)
    5 4.963(-0.037)
    5 4.585(-0.415)
    5 4.914(-0.086)
    5 5.000(0.000)
    5 5.000(0.000)
    5 5.000(0.000)
    5 5.000(0.000)
    5 5.000(0.000)
    5 5.000(0.000)
    5 4.700(-0.300)
    5 5.000(0.000)
    5 5.000(0.000)
    4 3.851(-0.149)
    2 2.405(0.405)
    5 4.819(-0.181)
    2 2.365(0.365)
    4 4.200(0.200)
    1 1.113(0.113)
    4 4.133(0.133)
    4 3.742(-0.258)
    5 4.825(-0.175)
    5 4.522(-0.478)
    4 4.193(0.193)
    5 4.629(-0.371)
    5 4.786(-0.214)
    5 4.825(-0.175)
    4 4.100(0.100)
    4 4.253(0.253)
    1 1.383(0.383)
    4 3.989(-0.011)
    3 3.711(0.711)
    5 4.863(-0.137)
    4 4.104(0.104)
    4 4.217(0.217)
    4 4.041(0.041)
    5 4.756(-0.244)
    5 5.000(0.000)
    4 3.967(-0.033)
    5 4.725(-0.275)
    5 4.836(-0.164)
    5 4.874(-0.126)
    3 2.883(-0.117)
    5 5.000(0.000)
    4 3.883(-0.117)
    4 4.180(0.180)
    5 4.836(-0.164)
    5 5.000(0.000)
    5 5.000(0.000)
    5 5.000(0.000)
    5 5.000(0.000)
    5 4.888(-0.112)
    5 4.804(-0.196)
    5 5.000(0.000)
    5 4.950(-0.050)
    4 4.200(0.200)
    5 4.638(-0.362)
    5 4.900(-0.100)
    5 4.825(-0.175)
    2 2.050(0.050)
    5 5.000(0.000)
    5 4.545(-0.455)
    5 4.700(-0.300)
    2 3.289(1.289)
    5 4.938(-0.062)
    5 4.419(-0.581)
    5 4.323(-0.677)
    4 3.950(-0.050)
    5 4.395(-0.605)
    5 4.274(-0.726)
    5 4.681(-0.319)
    5 4.485(-0.515)
    5 4.294(-0.706)
    4 3.819(-0.181)
    4 4.113(0.113)
    3 3.166(0.166)
    5 4.597(-0.403)
    5 4.477(-0.523)
    5 4.258(-0.742)
    5 4.369(-0.631)
    4 4.124(0.124)
    5 4.470(-0.530)
    5 4.532(-0.468)
    5 4.615(-0.385)
    1 1.641(0.641)
    4 3.902(-0.098)
    5 4.268(-0.732)
    5 4.602(-0.398)
    5 4.880(-0.120)
    5 4.451(-0.549)
    3 3.557(0.557)
    4 4.181(0.181)
    4 4.175(0.175)
    4 3.819(-0.181)
    4 3.648(-0.352)
    5 5.000(0.000)
    5 4.768(-0.232)
    5 4.700(-0.300)
    5 5.000(0.000)
    1 1.200(0.200)
    1 1.200(0.200)
    4 3.914(-0.086)
    1 1.200(0.200)
    1 1.050(0.050)
    1 1.200(0.200)
    1 1.008(0.008)
    1 1.200(0.200)
    1 1.200(0.200)
    2 2.212(0.212)
    5 4.950(-0.050)
    5 4.836(-0.164)
    1 1.503(0.503)
    5 4.950(-0.050)
    5 4.900(-0.100)
    5 5.000(0.000)
    5 5.000(0.000)
    5 5.000(0.000)
    3 2.950(-0.050)
    4 4.150(0.150)
    4 3.908(-0.092)
    4 4.075(0.075)
    4 4.075(0.075)
    4 3.936(-0.064)
    4 3.939(-0.061)
    4 4.141(0.141)
    5 5.000(0.000)
    5 4.332(-0.668)
    5 4.663(-0.337)
    5 4.777(-0.223)
    5 4.794(-0.206)
    4 3.892(-0.108)
    4 4.158(0.158)
    3 3.250(0.250)
    5 4.330(-0.670)
    5 4.500(-0.500)
    5 4.669(-0.331)
    5 4.709(-0.291)
    5 4.771(-0.229)
    4 4.057(0.057)
    5 4.756(-0.244)
    1 1.200(0.200)
    5 5.000(0.000)
    3 3.138(0.138)
    5 5.000(0.000)
    4 4.250(0.250)
    5 5.000(0.000)
    5 5.000(0.000)
    5 5.000(0.000)
    5 4.613(-0.387)
    5 5.000(0.000)
    5 5.000(0.000)
    5 4.756(-0.244)
    5 5.000(0.000)
    5 5.000(0.000)
    5 5.000(0.000)
    5 4.836(-0.164)
    5 5.000(0.000)
    5 4.756(-0.244)
    5 5.000(0.000)
    5 5.000(0.000)
    5 5.000(0.000)
    5 5.000(0.000)
    5 5.000(0.000)
    5 5.000(0.000)
    5 5.000(0.000)
    5 5.000(0.000)
    5 5.000(0.000)
    5 4.700(-0.300)
    5 5.000(0.000)
    5 5.000(0.000)
    5 5.000(0.000)
    5 5.000(0.000)
    5 5.000(0.000)
    5 4.932(-0.068)
    5 4.724(-0.276)
    5 4.700(-0.300)
    5 4.823(-0.177)
    5 4.830(-0.170)
    5 4.914(-0.086)
    5 5.000(0.000)
    5 4.729(-0.271)
    5 4.933(-0.067)
    5 5.000(0.000)
    5 5.000(0.000)
    5 4.833(-0.167)
    5 5.000(0.000)
    5 4.881(-0.119)
    5 4.908(-0.092)
    3 3.175(0.175)
    2 2.729(0.729)
    3 3.277(0.277)
    2 2.616(0.616)
    3 2.977(-0.023)
    1 1.250(0.250)
    3 3.117(0.117)
    1 1.450(0.450)
    3 3.200(0.200)
    5 4.655(-0.345)
    5 5.000(0.000)
    5 4.907(-0.093)
    5 4.598(-0.402)
    5 5.000(0.000)
    5 5.000(0.000)
    5 5.000(0.000)
    5 4.867(-0.133)
    5 5.000(0.000)
    5 5.000(0.000)
    5 5.000(0.000)
    5 4.925(-0.075)
    5 5.000(0.000)
    5 5.000(0.000)
    5 5.000(0.000)
    5 4.768(-0.232)
    5 5.000(0.000)
    5 5.000(0.000)
    5 5.000(0.000)
    5 5.000(0.000)
    5 5.000(0.000)
    5 5.000(0.000)
    5 5.000(0.000)
    5 5.000(0.000)
    5 5.000(0.000)
    5 4.800(-0.200)
    5 4.700(-0.300)
    5 5.000(0.000)
    5 5.000(0.000)
    2 2.113(0.113)
    4 4.195(0.195)
    3 3.000(0.000)
    2 2.492(0.492)
    1 1.637(0.637)
    1 1.700(0.700)
    5 4.662(-0.338)
    4 4.142(0.142)
    4 4.012(0.012)
    5 4.700(-0.300)
    5 4.700(-0.300)
    5 5.000(0.000)
    5 4.894(-0.106)
    5 5.000(0.000)
    5 4.672(-0.328)
    4 4.057(0.057)
    5 4.804(-0.196)
    4 4.250(0.250)
    5 4.932(-0.068)
    5 4.961(-0.039)
    5 4.850(-0.150)
    3 3.200(0.200)
    5 5.000(0.000)
    4 4.165(0.165)
    5 4.867(-0.133)
    5 5.000(0.000)
    4 4.033(0.033)
    5 5.000(0.000)
    5 4.563(-0.437)
    5 4.791(-0.209)
    2 1.943(-0.057)
    5 4.406(-0.594)
    5 4.710(-0.290)
    5 4.857(-0.143)
    4 3.877(-0.123)
    5 4.681(-0.319)
    4 3.969(-0.031)
    5 5.000(0.000)
    5 5.000(0.000)
    5 4.650(-0.350)
    5 4.825(-0.175)
    5 5.000(0.000)
    5 4.759(-0.241)
    5 4.550(-0.450)
    5 4.779(-0.221)
    5 4.617(-0.383)
    5 4.515(-0.485)
    5 5.000(0.000)
    5 4.533(-0.467)
    5 5.000(0.000)
    5 5.000(0.000)
    5 5.000(0.000)
    5 5.000(0.000)
    5 5.000(0.000)
    5 5.000(0.000)
    5 5.000(0.000)
    5 5.000(0.000)
    5 5.000(0.000)
    5 5.000(0.000)
    5 5.000(0.000)
    5 5.000(0.000)
    5 5.000(0.000)
    5 5.000(0.000)
    5 5.000(0.000)
    5 5.000(0.000)
    5 5.000(0.000)
    5 5.000(0.000)
    5 5.000(0.000)
    5 5.000(0.000)
    5 5.000(0.000)
    5 5.000(0.000)
    5 5.000(0.000)
    5 4.800(-0.200)
    5 4.758(-0.242)
    5 4.571(-0.429)
    5 4.700(-0.300)
    4 3.939(-0.061)
    4 3.925(-0.075)
    4 4.075(0.075)
    4 4.158(0.158)
    4 3.919(-0.081)
    2 2.133(0.133)
    1 2.285(1.285)
    5 4.768(-0.232)
    5 4.848(-0.152)
    3 3.157(0.157)
    5 4.867(-0.133)
    5 4.700(-0.300)
    3 2.939(-0.061)
    1 1.450(0.450)
    1 1.200(0.200)
    4 3.891(-0.109)
    5 5.000(0.000)
    5 5.000(0.000)
    4 3.967(-0.033)
    5 4.833(-0.167)
    5 4.414(-0.586)
    4 4.019(0.019)
    5 4.742(-0.258)
    5 4.672(-0.328)
    5 4.788(-0.212)
    5 5.000(0.000)
    5 4.885(-0.115)
    5 4.598(-0.402)
    5 4.620(-0.380)
    5 4.274(-0.726)
    1 1.778(0.778)
    5 4.729(-0.271)
    5 4.950(-0.050)
    5 5.000(0.000)
    5 5.000(0.000)
    5 4.394(-0.606)
    5 4.457(-0.543)
    5 5.000(0.000)
    5 5.000(0.000)
    3 3.624(0.624)
    3 3.371(0.371)
    5 4.756(-0.244)
    5 5.000(0.000)
    5 5.000(0.000)
    5 4.908(-0.092)
    5 4.358(-0.642)
    3 2.900(-0.100)
    5 5.000(0.000)
    5 5.000(0.000)
    5 5.000(0.000)
    3 2.979(-0.021)
    3 2.946(-0.054)
    5 4.825(-0.175)
    5 5.000(0.000)
    5 5.000(0.000)
    5 5.000(0.000)
    5 5.000(0.000)
    5 4.592(-0.408)
    3 3.001(0.001)
    5 4.648(-0.352)
    4 3.889(-0.111)
    5 4.836(-0.164)
    5 4.725(-0.275)
    5 5.000(0.000)
    5 5.000(0.000)
    5 5.000(0.000)
    5 4.672(-0.328)
    5 5.000(0.000)
    5 5.000(0.000)
    3 2.979(-0.021)
    4 4.094(0.094)
    5 4.381(-0.619)
    5 4.778(-0.222)
    5 5.000(0.000)
    5 4.410(-0.590)
    5 4.432(-0.568)
    5 4.592(-0.408)
    5 4.724(-0.276)
    5 4.597(-0.403)
    4 4.171(0.171)
    5 4.914(-0.086)
    5 5.000(0.000)
    5 5.000(0.000)
    5 5.000(0.000)
    2 2.342(0.342)
    5 5.000(0.000)
    5 4.835(-0.165)
    3 2.856(-0.144)
    5 4.700(-0.300)
    5 4.804(-0.196)
    3 3.150(0.150)
    3 3.177(0.177)
    3 3.050(0.050)
    3 3.269(0.269)
    4 3.865(-0.135)
    5 4.653(-0.347)
    4 4.000(0.000)
    2 2.121(0.121)
    1 1.200(0.200)
    3 3.150(0.150)
    4 3.973(-0.027)
    4 4.075(0.075)
    4 3.725(-0.275)
    4 3.925(-0.075)
    4 4.050(0.050)
    4 4.155(0.155)
    1 1.200(0.200)
    5 4.442(-0.558)
    5 4.989(-0.011)
    5 4.883(-0.117)
    5 5.000(0.000)
    4 3.857(-0.143)
    5 4.652(-0.348)
    4 4.008(0.008)
    5 4.737(-0.263)
    2 2.441(0.441)
    4 3.914(-0.086)
    2 2.467(0.467)
    4 4.190(0.190)
    2 2.830(0.830)
    5 5.000(0.000)
    5 5.000(0.000)
    5 5.000(0.000)
    4 4.175(0.175)
    5 4.559(-0.441)
    5 4.902(-0.098)
    1 1.157(0.157)
    5 4.606(-0.394)
    5 5.000(0.000)
    5 5.000(0.000)
    5 5.000(0.000)
    5 5.000(0.000)
    5 5.000(0.000)
    5 5.000(0.000)
    5 4.836(-0.164)
    5 4.861(-0.139)
    5 4.343(-0.657)
    3 3.000(0.000)
    5 5.000(0.000)
    3 3.036(0.036)
    5 4.529(-0.471)
    5 4.585(-0.415)
    5 4.459(-0.541)
    5 4.711(-0.289)
    5 4.722(-0.278)
    5 5.000(0.000)
    5 5.000(0.000)
    5 4.506(-0.494)
    5 5.000(0.000)
    5 5.000(0.000)
    1 1.200(0.200)
    1 1.371(0.371)
    1 1.200(0.200)
    5 4.379(-0.621)
    1 1.133(0.133)
    1 1.588(0.588)
    5 4.780(-0.220)
    1 1.277(0.277)
    5 5.000(0.000)
    5 5.000(0.000)
    5 4.606(-0.394)
    5 4.879(-0.121)
    5 5.000(0.000)
    5 5.000(0.000)
    3 3.050(0.050)
    5 4.575(-0.425)
    5 4.400(-0.600)
    5 4.626(-0.374)
    5 5.000(0.000)
    5 4.641(-0.359)
    4 3.835(-0.165)
    5 4.216(-0.784)
    3 3.206(0.206)
    5 4.925(-0.075)
    5 4.978(-0.022)
    5 4.568(-0.432)
    3 3.133(0.133)
    5 4.825(-0.175)
    5 4.965(-0.035)
    5 5.000(0.000)
    5 4.606(-0.394)
    3 3.252(0.252)
    5 5.000(0.000)
    5 4.563(-0.437)
    5 5.000(0.000)
    5 5.000(0.000)
    5 4.809(-0.191)
    5 5.000(0.000)
    5 4.914(-0.086)
    5 4.750(-0.250)
    5 5.000(0.000)
    5 4.521(-0.479)
    5 4.978(-0.022)
    5 4.825(-0.175)
    5 5.000(0.000)
    5 4.852(-0.148)
    5 5.000(0.000)
    5 4.835(-0.165)
    5 4.631(-0.369)
    5 5.000(0.000)
    5 4.919(-0.081)
    5 4.768(-0.232)
    3 3.075(0.075)
    5 4.825(-0.175)
    3 3.133(0.133)
    2 2.200(0.200)
    3 3.200(0.200)
    4 4.050(0.050)
    5 5.000(0.000)
    5 4.835(-0.165)
    5 4.552(-0.448)
    3 3.200(0.200)
    3 3.217(0.217)
    5 5.000(0.000)
    5 4.629(-0.371)
    5 4.484(-0.516)
    3 3.078(0.078)
    3 3.008(0.008)
    4 4.021(0.021)
    5 4.427(-0.573)
    5 4.670(-0.330)
    5 4.510(-0.490)
    3 3.300(0.300)
    5 4.325(-0.675)
    3 3.550(0.550)
    5 5.000(0.000)
    3 3.482(0.482)
    1 1.200(0.200)
    1 1.217(0.217)
    1 1.200(0.200)
    1 1.050(0.050)
    5 4.397(-0.603)
    4 4.200(0.200)
    5 4.458(-0.542)
    5 4.921(-0.079)
    5 5.000(0.000)
    5 5.000(0.000)
    5 5.000(0.000)
    5 5.000(0.000)
    5 5.000(0.000)
    5 5.000(0.000)
    5 5.000(0.000)
    5 5.000(0.000)
    5 4.756(-0.244)
    5 4.950(-0.050)
    5 5.000(0.000)
    5 4.892(-0.108)
    5 5.000(0.000)
    4 4.109(0.109)
    4 3.811(-0.189)
    4 4.121(0.121)
    5 4.617(-0.383)
    5 5.000(0.000)
    2 2.100(0.100)
    1 1.200(0.200)
    1 1.371(0.371)
    1 1.200(0.200)
    1 0.979(-0.021)
    1 1.300(0.300)
    1 1.371(0.371)
    1 1.200(0.200)
    4 3.783(-0.217)
    4 4.086(0.086)
    4 3.850(-0.150)
    3 3.117(0.117)
    3 2.988(-0.012)
    5 5.000(0.000)
    5 5.000(0.000)
    5 4.937(-0.063)
    5 5.000(0.000)
    2 2.193(0.193)
    5 5.000(0.000)
    3 3.027(0.027)
    5 4.757(-0.243)
    5 4.944(-0.056)
    4 4.186(0.186)
    5 4.644(-0.356)
    4 4.375(0.375)
    5 4.941(-0.059)
    2 2.705(0.705)
    2 2.467(0.467)
    5 4.984(-0.016)
    5 5.000(0.000)
    5 4.563(-0.437)
    1 1.691(0.691)
    5 5.000(0.000)
    5 5.000(0.000)
    5 5.000(0.000)
    5 5.000(0.000)
    5 5.000(0.000)
    5 4.892(-0.108)
    5 5.000(0.000)
    5 5.000(0.000)
    5 4.728(-0.272)
    5 4.800(-0.200)
    5 4.835(-0.165)
    5 4.825(-0.175)
    5 5.000(0.000)
    5 5.000(0.000)
    3 3.309(0.309)
    3 3.300(0.300)
    3 3.105(0.105)
    3 2.873(-0.127)
    3 3.058(0.058)
    3 2.827(-0.173)
    3 2.912(-0.088)
    3 2.975(-0.025)
    5 4.914(-0.086)
    5 4.771(-0.229)
    5 5.000(0.000)
    5 4.904(-0.096)
    5 5.000(0.000)
    5 4.867(-0.133)
    5 5.000(0.000)
    5 5.000(0.000)
    5 4.754(-0.246)
    5 5.000(0.000)
    5 4.667(-0.333)
    5 5.000(0.000)
    5 4.825(-0.175)
    5 4.308(-0.692)
    4 4.075(0.075)
    4 3.909(-0.091)
    3 3.279(0.279)
    5 4.447(-0.553)
    4 3.921(-0.079)
    5 4.271(-0.729)
    5 4.327(-0.673)
    5 5.000(0.000)
    4 4.129(0.129)
    5 4.711(-0.289)
    5 4.251(-0.749)
    5 4.728(-0.272)
    5 4.586(-0.414)
    5 4.568(-0.432)
    4 3.716(-0.284)
    5 4.300(-0.700)
    5 4.436(-0.564)
    5 4.381(-0.619)
    5 4.280(-0.720)
    5 4.652(-0.348)
    5 4.390(-0.610)
    5 4.765(-0.235)
    2 2.200(0.200)
    2 2.144(0.144)
    2 2.133(0.133)
    2 2.000(0.000)
    2 1.943(-0.057)
    2 2.300(0.300)
    5 4.420(-0.580)
    2 2.514(0.514)
    2 1.891(-0.109)
    5 5.000(0.000)
    5 4.655(-0.345)
    5 5.000(0.000)
    5 4.622(-0.378)
    5 4.422(-0.578)
    5 4.950(-0.050)
    5 4.590(-0.410)
    5 4.464(-0.536)
    5 4.802(-0.198)
    5 4.933(-0.067)
    5 4.715(-0.285)
    5 4.667(-0.333)
    5 4.935(-0.065)
    5 4.542(-0.458)
    5 4.691(-0.309)
    5 4.683(-0.317)
    5 4.266(-0.734)
    5 4.867(-0.133)
    3 2.925(-0.075)
    5 5.000(0.000)
    5 4.756(-0.244)
    5 4.894(-0.106)
    4 3.950(-0.050)
    4 4.054(0.054)
    4 4.031(0.031)
    4 3.871(-0.129)
    5 5.000(0.000)
    4 4.006(0.006)
    4 3.846(-0.154)
    4 4.013(0.013)
    4 3.850(-0.150)
    4 3.871(-0.129)
    4 3.954(-0.046)
    4 3.917(-0.083)
    4 4.050(0.050)
    4 3.994(-0.006)
    5 5.000(0.000)
    5 5.000(0.000)
    5 4.825(-0.175)
    5 5.000(0.000)
    5 5.000(0.000)
    5 5.000(0.000)
    5 5.000(0.000)
    4 3.850(-0.150)
    5 4.800(-0.200)
    3 2.939(-0.061)
    3 2.891(-0.109)
    5 5.000(0.000)
    2 2.587(0.587)
    5 4.931(-0.069)
    3 3.092(0.092)
    5 4.567(-0.433)
    5 4.785(-0.215)
    5 4.435(-0.565)
    5 4.548(-0.452)
    5 4.354(-0.646)
    5 4.318(-0.682)
    5 5.000(0.000)
    5 5.000(0.000)
    5 5.000(0.000)
    5 5.000(0.000)
    5 5.000(0.000)
    5 5.000(0.000)
    5 5.000(0.000)
    5 5.000(0.000)
    5 5.000(0.000)
    5 5.000(0.000)
    5 5.000(0.000)
    5 5.000(0.000)
    3 3.092(0.092)
    5 4.789(-0.211)
    3 3.433(0.433)
    4 4.039(0.039)
    5 5.000(0.000)
    5 5.000(0.000)
    5 4.836(-0.164)
    5 4.892(-0.108)
    5 4.836(-0.164)
    5 5.000(0.000)
    5 4.867(-0.133)
    4 4.064(0.064)
    4 3.983(-0.017)
    4 3.896(-0.104)
    4 4.112(0.112)
    1 1.200(0.200)
    5 4.765(-0.235)
    5 4.847(-0.153)
    5 4.622(-0.378)
    5 5.000(0.000)
    4 3.745(-0.255)
    5 4.814(-0.186)
    5 4.834(-0.166)
    5 4.425(-0.575)
    5 4.508(-0.492)
    5 5.000(0.000)
    5 4.861(-0.139)
    5 4.533(-0.467)
    5 5.000(0.000)
    5 5.000(0.000)
    5 5.000(0.000)
    3 2.967(-0.033)
    3 3.078(0.078)
    3 2.868(-0.132)
    3 2.888(-0.112)
    5 5.000(0.000)
    3 3.050(0.050)
    5 4.525(-0.475)
    5 4.450(-0.550)
    5 4.745(-0.255)
    5 5.000(0.000)
    5 4.950(-0.050)
    5 4.443(-0.557)
    5 4.600(-0.400)
    5 4.339(-0.661)
    3 3.071(0.071)
    4 3.725(-0.275)
    5 4.597(-0.403)
    3 3.057(0.057)
    2 2.113(0.113)
    1 1.300(0.300)
    1 1.200(0.200)
    4 3.867(-0.133)
    5 5.000(0.000)
    1 1.200(0.200)
    1 1.358(0.358)
    1 1.580(0.580)
    1 1.294(0.294)
    1 1.400(0.400)
    1 1.143(0.143)
    5 5.000(0.000)
    5 5.000(0.000)
    5 5.000(0.000)
    5 5.000(0.000)
    3 3.264(0.264)
    5 5.000(0.000)
    5 5.000(0.000)
    4 3.867(-0.133)
    1 1.817(0.817)
    5 5.000(0.000)
    3 3.200(0.200)
    3 3.407(0.407)
    1 1.050(0.050)
    5 5.000(0.000)
    5 5.000(0.000)
    5 5.000(0.000)
    5 4.796(-0.204)
    5 4.995(-0.005)
    5 4.684(-0.316)
    5 4.325(-0.675)
    5 4.892(-0.108)
    4 3.820(-0.180)
    5 4.462(-0.538)
    3 3.206(0.206)
    3 3.183(0.183)
    5 4.971(-0.029)
    4 3.967(-0.033)
    5 5.000(0.000)
    5 5.000(0.000)
    5 4.986(-0.014)
    4 4.013(0.013)
    4 4.008(0.008)
    4 4.129(0.129)
    5 4.966(-0.034)
    5 4.417(-0.583)
    1 2.054(1.054)
    1 1.633(0.633)
    5 4.337(-0.663)
    2 2.843(0.843)
    5 4.563(-0.437)
    5 4.978(-0.022)
    1 1.244(0.244)
    5 4.568(-0.432)
    5 4.700(-0.300)
    5 5.000(0.000)
    5 5.000(0.000)
    5 4.835(-0.165)
    5 5.000(0.000)
    5 5.000(0.000)
    5 5.000(0.000)
    5 5.000(0.000)
    5 4.867(-0.133)
    5 5.000(0.000)
    5 4.914(-0.086)
    3 3.019(0.019)
    5 5.000(0.000)
    5 5.000(0.000)
    5 4.533(-0.467)
    5 5.000(0.000)
    5 4.836(-0.164)
    5 4.836(-0.164)
    5 5.000(0.000)
    5 5.000(0.000)
    5 5.000(0.000)
    5 5.000(0.000)
    4 4.044(0.044)
    5 4.305(-0.695)
    5 4.468(-0.532)
    4 4.086(0.086)
    4 4.014(0.014)
    5 4.776(-0.224)
    5 5.000(0.000)
    4 3.422(-0.578)
    4 3.865(-0.135)
    2 2.050(0.050)
    2 2.050(0.050)
    2 2.050(0.050)
    2 1.825(-0.175)
    2 2.050(0.050)
    5 4.768(-0.232)
    5 4.617(-0.383)
    5 4.672(-0.328)
    5 5.000(0.000)
    4 3.832(-0.168)
    5 4.882(-0.118)
    3 3.138(0.138)
    4 4.093(0.093)
    4 4.138(0.138)
    4 3.950(-0.050)
    5 4.892(-0.108)
    5 5.000(0.000)
    5 5.000(0.000)
    5 4.742(-0.258)
    5 5.000(0.000)
    5 4.667(-0.333)
    5 4.778(-0.222)
    5 4.400(-0.600)
    3 2.991(-0.009)
    3 2.918(-0.082)
    3 2.925(-0.075)
    3 3.336(0.336)
    4 3.832(-0.168)
    1 1.200(0.200)
    5 4.483(-0.517)
    4 3.967(-0.033)
    5 4.854(-0.146)
    4 4.177(0.177)
    5 5.000(0.000)
    5 4.119(-0.881)
    5 4.667(-0.333)
    5 4.768(-0.232)
    4 3.940(-0.060)
    5 4.914(-0.086)
    5 4.835(-0.165)
    5 4.803(-0.197)
    5 4.700(-0.300)
    4 4.065(0.065)
    5 4.914(-0.086)
    5 4.528(-0.472)
    5 5.000(0.000)
    3 3.417(0.417)
    5 5.000(0.000)
    5 4.950(-0.050)
    4 3.842(-0.158)
    5 5.000(0.000)
    5 4.631(-0.369)
    5 4.950(-0.050)
    5 5.000(0.000)
    5 5.000(0.000)
    3 3.050(0.050)
    4 4.163(0.163)
    3 3.336(0.336)
    5 4.754(-0.246)
    5 5.000(0.000)
    5 4.765(-0.235)
    5 4.768(-0.232)
    5 4.700(-0.300)
    5 4.632(-0.368)
    3 3.108(0.108)
    5 4.896(-0.104)
    5 5.000(0.000)
    5 5.000(0.000)
    5 5.000(0.000)
    5 5.000(0.000)
    5 5.000(0.000)
    5 5.000(0.000)
    5 5.000(0.000)
    5 5.000(0.000)
    4 3.800(-0.200)
    5 4.843(-0.157)
    5 4.634(-0.366)
    3 3.217(0.217)
    3 2.925(-0.075)
    5 4.519(-0.481)
    4 3.850(-0.150)
    4 4.086(0.086)
    5 5.000(0.000)
    5 4.732(-0.268)
    5 4.940(-0.060)
    4 3.745(-0.255)
    5 5.000(0.000)
    5 5.000(0.000)
    5 5.000(0.000)
    5 5.000(0.000)
    5 4.950(-0.050)
    5 5.000(0.000)
    5 4.672(-0.328)
    5 5.000(0.000)
    5 5.000(0.000)
    5 5.000(0.000)
    5 5.000(0.000)
    5 5.000(0.000)
    1 1.200(0.200)
    5 5.000(0.000)
    5 5.000(0.000)
    5 5.000(0.000)
    5 5.000(0.000)
    4 4.012(0.012)
    3 3.307(0.307)
    2 2.442(0.442)
    4 3.989(-0.011)
    4 3.871(-0.129)
    4 4.093(0.093)
    4 4.117(0.117)
    4 4.182(0.182)
    4 3.874(-0.126)
    4 3.875(-0.125)
    2 2.758(0.758)
    5 4.657(-0.343)
    2 2.415(0.415)
    2 2.966(0.966)
    5 4.950(-0.050)
    5 5.000(0.000)
    4 3.778(-0.222)
    5 5.000(0.000)
    5 5.000(0.000)
    5 4.771(-0.229)
    5 5.000(0.000)
    5 4.708(-0.292)
    5 4.880(-0.120)
    1 1.200(0.200)
    5 4.654(-0.346)
    1 0.979(-0.021)
    1 1.206(0.206)
    5 4.876(-0.124)
    5 4.771(-0.229)
    5 4.750(-0.250)
    4 4.077(0.077)
    4 4.002(0.002)
    4 3.871(-0.129)
    4 4.110(0.110)
    5 4.183(-0.817)
    5 5.000(0.000)
    5 5.000(0.000)
    5 5.000(0.000)
    5 4.713(-0.287)
    4 3.943(-0.057)
    4 3.925(-0.075)
    5 5.000(0.000)
    5 5.000(0.000)
    5 5.000(0.000)
    5 5.000(0.000)
    5 4.700(-0.300)
    2 2.841(0.841)
    4 4.106(0.106)
    3 3.342(0.342)
    3 3.147(0.147)
    3 3.086(0.086)
    5 4.620(-0.380)
    5 4.361(-0.639)
    5 4.589(-0.411)
    5 5.000(0.000)
    5 5.000(0.000)
    5 5.000(0.000)
    5 4.950(-0.050)
    5 4.880(-0.120)
    5 5.000(0.000)
    5 4.978(-0.022)
    5 4.993(-0.007)
    5 4.989(-0.011)
    5 5.000(0.000)
    5 4.790(-0.210)
    5 4.219(-0.781)
    5 5.000(0.000)
    5 4.678(-0.322)
    1 1.726(0.726)
    5 4.903(-0.097)
    5 4.828(-0.172)
    5 4.779(-0.221)
    5 4.463(-0.537)
    5 4.792(-0.208)
    5 4.884(-0.116)
    5 4.779(-0.221)
    5 5.000(0.000)
    1 1.200(0.200)
    5 4.739(-0.261)
    5 4.792(-0.208)
    5 4.896(-0.104)
    5 5.000(0.000)
    5 5.000(0.000)
    5 4.672(-0.328)
    5 4.883(-0.117)
    5 5.000(0.000)
    5 5.000(0.000)
    4 4.057(0.057)
    5 4.568(-0.432)
    5 5.000(0.000)
    5 5.000(0.000)
    5 5.000(0.000)
    5 5.000(0.000)
    5 5.000(0.000)
    5 5.000(0.000)
    5 5.000(0.000)
    5 5.000(0.000)
    5 5.000(0.000)
    5 5.000(0.000)
    5 5.000(0.000)
    5 5.000(0.000)
    5 4.629(-0.371)
    5 5.000(0.000)
    5 4.629(-0.371)
    4 4.054(0.054)
    4 4.162(0.162)
    4 3.860(-0.140)
    4 4.081(0.081)
    3 3.050(0.050)
    2 2.006(0.006)
    2 2.300(0.300)
    2 2.021(0.021)
    2 2.269(0.269)
    2 2.411(0.411)
    2 2.019(0.019)
    2 1.763(-0.237)
    2 2.129(0.129)
    2 2.158(0.158)
    2 2.113(0.113)
    2 2.200(0.200)
    2 2.169(0.169)
    2 2.133(0.133)
    2 2.019(0.019)
    2 2.300(0.300)
    2 2.200(0.200)
    2 2.113(0.113)
    5 4.813(-0.187)
    5 4.800(-0.200)
    5 4.836(-0.164)
    5 4.542(-0.458)
    5 4.756(-0.244)
    5 4.743(-0.257)
    5 4.756(-0.244)
    5 5.000(0.000)
    5 4.955(-0.045)
    5 4.792(-0.208)
    5 4.720(-0.280)
    5 4.672(-0.328)
    5 4.764(-0.236)
    5 4.768(-0.232)
    5 4.729(-0.271)
    5 4.950(-0.050)
    5 4.847(-0.153)
    5 4.629(-0.371)
    5 4.612(-0.388)
    5 4.756(-0.244)
    5 4.950(-0.050)
    5 4.684(-0.316)
    5 4.813(-0.187)
    5 4.450(-0.550)
    5 4.721(-0.279)
    5 5.000(0.000)
    5 5.000(0.000)
    5 5.000(0.000)
    5 4.892(-0.108)
    3 3.168(0.168)
    5 5.000(0.000)
    5 4.833(-0.167)
    5 4.763(-0.237)
    5 4.663(-0.337)
    5 5.000(0.000)
    5 5.000(0.000)
    2 2.057(0.057)
    5 5.000(0.000)
    4 4.050(0.050)
    5 5.000(0.000)
    2 2.403(0.403)
    5 4.640(-0.360)
    5 5.000(0.000)
    5 4.975(-0.025)
    5 4.945(-0.055)
    5 4.745(-0.255)
    5 4.549(-0.451)
    5 5.000(0.000)
    5 4.681(-0.319)
    5 4.771(-0.229)
    5 5.000(0.000)
    5 5.000(0.000)
    5 4.598(-0.402)
    5 4.379(-0.621)
    5 4.597(-0.403)
    5 4.567(-0.433)
    4 4.014(0.014)
    5 5.000(0.000)
    5 4.658(-0.342)
    5 4.892(-0.108)
    5 5.000(0.000)
    5 5.000(0.000)
    5 5.000(0.000)
    5 5.000(0.000)
    5 5.000(0.000)
    5 5.000(0.000)
    5 4.910(-0.090)
    5 4.515(-0.485)
    5 4.816(-0.184)
    5 4.431(-0.569)
    4 3.973(-0.027)
    5 4.775(-0.225)
    1 1.600(0.600)
    3 3.106(0.106)
    3 2.950(-0.050)
    2 2.200(0.200)
    2 2.133(0.133)
    5 4.639(-0.361)
    5 4.497(-0.503)
    5 4.300(-0.700)
    5 4.606(-0.394)
    5 4.465(-0.535)
    5 4.807(-0.193)
    5 4.417(-0.583)
    3 3.017(0.017)
    3 2.874(-0.126)
    5 4.896(-0.104)
    4 4.046(0.046)
    2 2.238(0.238)
    5 4.585(-0.415)
    5 5.000(0.000)
    5 4.700(-0.300)
    5 4.725(-0.275)
    5 5.000(0.000)
    5 5.000(0.000)
    5 4.938(-0.062)
    4 4.041(0.041)
    5 4.846(-0.154)
    5 5.000(0.000)
    5 5.000(0.000)
    4 3.599(-0.401)
    3 3.104(0.104)
    3 3.100(0.100)
    3 3.043(0.043)
    5 4.046(-0.954)
    1 1.767(0.767)
    5 4.098(-0.902)
    2 2.882(0.882)
    2 2.338(0.338)
    3 3.068(0.068)
    2 2.432(0.432)
    5 3.856(-1.144)
    2 2.547(0.547)
    5 3.975(-1.025)
    5 4.715(-0.285)
    2 2.409(0.409)
    3 3.262(0.262)
    2 2.356(0.356)
    5 4.596(-0.404)
    1 1.200(0.200)
    5 5.000(0.000)
    5 5.000(0.000)
    5 4.974(-0.026)
    3 2.824(-0.176)
    5 4.739(-0.261)
    3 3.150(0.150)
    1 1.200(0.200)
    5 5.000(0.000)
    5 4.744(-0.256)
    5 4.445(-0.555)
    5 5.000(0.000)
    5 4.672(-0.328)
    4 3.833(-0.167)
    2 2.695(0.695)
    4 4.186(0.186)
    5 4.669(-0.331)
    3 3.019(0.019)
    4 3.950(-0.050)
    4 4.158(0.158)
    5 5.000(0.000)
    5 4.879(-0.121)
    3 3.200(0.200)
    4 3.978(-0.022)
    4 3.981(-0.019)
    3 2.897(-0.103)
    5 4.350(-0.650)
    5 4.471(-0.529)
    5 4.729(-0.271)
    5 4.529(-0.471)
    5 4.400(-0.600)
    5 4.585(-0.415)
    5 5.000(0.000)
    5 4.653(-0.347)
    5 5.000(0.000)
    5 5.000(0.000)
    5 4.625(-0.375)
    5 4.719(-0.281)
    4 4.158(0.158)
    5 4.986(-0.014)
    5 5.000(0.000)
    5 5.000(0.000)
    5 5.000(0.000)
    5 4.646(-0.354)
    1 1.200(0.200)
    1 1.200(0.200)
    4 3.911(-0.089)
    4 4.117(0.117)
    1 1.200(0.200)
    4 3.853(-0.147)
    4 3.851(-0.149)
    3 3.300(0.300)
    4 3.956(-0.044)
    1 1.456(0.456)
    4 4.050(0.050)
    1 1.200(0.200)
    4 3.948(-0.052)
    1 2.584(1.584)
    5 4.638(-0.362)
    1 1.200(0.200)
    1 1.333(0.333)
    4 3.967(-0.033)
    4 4.206(0.206)
    5 5.000(0.000)
    5 4.763(-0.237)
    5 4.411(-0.589)
    3 3.181(0.181)
    5 4.719(-0.281)
    5 5.000(0.000)
    5 4.631(-0.369)
    1 2.078(1.078)
    5 5.000(0.000)
    5 4.533(-0.467)
    5 5.000(0.000)
    5 4.880(-0.120)
    5 4.924(-0.076)
    5 5.000(0.000)
    5 4.825(-0.175)
    5 5.000(0.000)
    5 5.000(0.000)
    5 4.771(-0.229)
    5 5.000(0.000)
    5 5.000(0.000)
    5 4.836(-0.164)
    5 4.422(-0.578)
    5 4.646(-0.354)
    5 4.763(-0.237)
    4 3.825(-0.175)
    5 5.000(0.000)
    1 1.200(0.200)
    1 1.200(0.200)
    3 3.057(0.057)
    3 2.818(-0.182)
    3 3.117(0.117)
    3 3.300(0.300)
    3 2.900(-0.100)
    3 3.050(0.050)
    3 2.907(-0.093)
    3 2.900(-0.100)
    3 2.850(-0.150)
    3 2.907(-0.093)
    3 3.117(0.117)
    3 2.925(-0.075)
    5 4.836(-0.164)
    5 4.836(-0.164)
    5 5.000(0.000)
    5 5.000(0.000)
    5 4.607(-0.393)
    5 5.000(0.000)
    5 4.720(-0.280)
    5 4.984(-0.016)
    5 4.634(-0.366)
    4 4.055(0.055)
    5 4.549(-0.451)
    5 4.575(-0.425)
    4 3.970(-0.030)
    4 4.010(0.010)
    4 4.109(0.109)
    4 3.863(-0.137)
    4 3.857(-0.143)
    4 4.109(0.109)
    4 3.800(-0.200)
    4 4.147(0.147)
    4 4.200(0.200)
    4 4.019(0.019)
    4 3.848(-0.152)
    4 4.073(0.073)
    4 3.867(-0.133)
    4 3.928(-0.072)
    4 4.050(0.050)
    4 3.920(-0.080)
    5 4.494(-0.506)
    5 5.000(0.000)
    5 4.742(-0.258)
    5 4.533(-0.467)
    4 3.816(-0.184)
    4 3.974(-0.026)
    4 4.100(0.100)
    4 3.854(-0.146)
    4 4.169(0.169)
    4 4.175(0.175)
    5 5.000(0.000)
    5 5.000(0.000)
    5 5.000(0.000)
    5 5.000(0.000)
    5 5.000(0.000)
    5 5.000(0.000)
    5 5.000(0.000)
    5 5.000(0.000)
    5 5.000(0.000)
    5 5.000(0.000)
    5 5.000(0.000)
    5 5.000(0.000)
    5 5.000(0.000)
    5 5.000(0.000)
    5 5.000(0.000)
    5 5.000(0.000)
    5 5.000(0.000)
    5 5.000(0.000)
    5 5.000(0.000)
    5 5.000(0.000)
    5 5.000(0.000)
    5 5.000(0.000)
    3 3.200(0.200)
    3 3.206(0.206)
    2 2.000(0.000)
    4 3.838(-0.162)
    4 4.095(0.095)
    4 3.967(-0.033)
    4 3.847(-0.153)
    3 2.914(-0.086)
    4 3.825(-0.175)
    4 3.905(-0.095)
    1 1.200(0.200)
    5 4.950(-0.050)
    5 4.400(-0.600)
    5 4.819(-0.181)
    5 5.000(0.000)
    5 4.696(-0.304)
    5 4.853(-0.147)
    4 4.155(0.155)
    4 3.700(-0.300)
    4 4.014(0.014)
    4 4.024(0.024)
    4 4.041(0.041)
    4 3.981(-0.019)
    5 4.975(-0.025)
    5 4.526(-0.474)
    5 4.563(-0.437)
    3 3.363(0.363)
    5 5.000(0.000)
    5 4.688(-0.312)
    2 2.244(0.244)
    5 4.722(-0.278)
    5 4.931(-0.069)
    5 5.000(0.000)
    5 5.000(0.000)
    5 4.802(-0.198)
    5 4.526(-0.474)
    5 5.000(0.000)
    5 5.000(0.000)
    5 4.720(-0.280)
    5 4.459(-0.541)
    5 4.867(-0.133)
    5 4.646(-0.354)
    5 5.000(0.000)
    5 4.892(-0.108)
    4 3.904(-0.096)
    5 4.816(-0.184)
    3 3.314(0.314)
    5 4.581(-0.419)
    5 5.000(0.000)
    2 2.000(0.000)
    5 5.000(0.000)
    2 2.200(0.200)
    5 5.000(0.000)
    5 4.825(-0.175)
    5 5.000(0.000)
    5 4.779(-0.221)
    5 5.000(0.000)
    4 4.136(0.136)
    5 4.719(-0.281)
    5 5.000(0.000)
    5 4.779(-0.221)
    5 4.661(-0.339)
    5 4.700(-0.300)
    4 3.925(-0.075)
    5 4.669(-0.331)
    5 5.000(0.000)
    5 5.000(0.000)
    5 5.000(0.000)
    5 4.986(-0.014)
    5 4.729(-0.271)
    1 1.200(0.200)
    2 2.325(0.325)
    2 1.950(-0.050)
    2 1.967(-0.033)
    2 2.155(0.155)
    2 1.950(-0.050)
    5 5.000(0.000)
    5 5.000(0.000)
    5 4.783(-0.217)
    5 4.744(-0.256)
    5 4.825(-0.175)
    5 4.894(-0.106)
    5 5.000(0.000)
    5 4.836(-0.164)
    5 5.000(0.000)
    5 5.000(0.000)
    5 5.000(0.000)
    4 4.129(0.129)
    5 5.000(0.000)
    5 5.000(0.000)
    4 3.817(-0.183)
    5 5.000(0.000)
    4 4.050(0.050)
    5 5.000(0.000)
    5 4.975(-0.025)
    5 4.825(-0.175)
    5 5.000(0.000)
    5 4.523(-0.477)
    5 5.000(0.000)
    5 5.000(0.000)
    1 1.200(0.200)
    5 4.413(-0.587)
    5 4.443(-0.557)
    4 3.815(-0.185)
    5 4.600(-0.400)
    3 2.863(-0.137)
    5 5.000(0.000)
    3 3.003(0.003)
    1 1.264(0.264)
    1 1.800(0.800)
    5 5.000(0.000)
    5 4.519(-0.481)
    5 5.000(0.000)
    4 4.084(0.084)
    5 4.606(-0.394)
    5 4.710(-0.290)
    5 4.825(-0.175)
    5 4.684(-0.316)
    5 5.000(0.000)
    5 4.547(-0.453)
    2 1.911(-0.089)
    5 4.659(-0.341)
    5 4.911(-0.089)
    4 4.016(0.016)
    5 4.883(-0.117)
    5 4.658(-0.342)
    5 5.000(0.000)
    5 4.585(-0.415)
    4 4.200(0.200)
    5 4.510(-0.490)
    5 4.617(-0.383)
    5 4.738(-0.262)
    5 4.800(-0.200)
    5 5.000(0.000)
    5 4.791(-0.209)
    5 4.840(-0.160)
    5 4.930(-0.070)
    5 4.143(-0.857)
    2 2.500(0.500)
    5 4.700(-0.300)
    2 2.345(0.345)
    2 1.868(-0.132)
    2 1.891(-0.109)
    2 2.039(0.039)
    2 2.155(0.155)
    2 1.842(-0.158)
    2 2.050(0.050)
    2 1.863(-0.137)
    2 2.106(0.106)
    2 2.133(0.133)
    2 1.971(-0.029)
    4 3.871(-0.129)
    3 3.086(0.086)
    5 5.000(0.000)
    2 2.226(0.226)
    5 4.800(-0.200)
    5 4.950(-0.050)
    5 4.751(-0.249)
    5 4.611(-0.389)
    1 1.200(0.200)
    5 4.836(-0.164)
    5 4.836(-0.164)
    5 5.000(0.000)
    5 4.629(-0.371)
    5 5.000(0.000)
    5 5.000(0.000)
    5 4.521(-0.479)
    4 4.200(0.200)
    5 5.000(0.000)
    5 5.000(0.000)
    4 4.050(0.050)
    5 4.110(-0.890)
    4 4.138(0.138)
    2 2.404(0.404)
    4 4.069(0.069)
    5 4.950(-0.050)
    5 4.555(-0.445)
    5 4.986(-0.014)
    5 5.000(0.000)
    5 4.778(-0.222)
    5 5.000(0.000)
    1 1.200(0.200)
    5 5.000(0.000)
    5 5.000(0.000)

Average Error: 0.178
Correlation: 0.983
Inversion Count: 606
